# distance (nm)	f (kT)	df (kT)
  0.0020	 16.5811	  0.4530
  0.0060	 13.5223	  0.1179
  0.0100	 12.4539	  0.0878
  0.0140	 11.7417	  0.0772
  0.0180	 11.1016	  0.0710
  0.0220	 10.5979	  0.0679
  0.0260	 10.1667	  0.0660
  0.0300	  9.7593	  0.0646
  0.0340	  9.5658	  0.0645
  0.0380	  9.3760	  0.0645
  0.0420	  9.1789	  0.0643
  0.0460	  9.0274	  0.0644
  0.0500	  8.9643	  0.0650
  0.0540	  8.9531	  0.0659
  0.0580	  8.8824	  0.0664
  0.0620	  8.9937	  0.0682
  0.0660	  9.1641	  0.0710
  0.0700	  9.2630	  0.0733
  0.0740	  9.4384	  0.0768
  0.0780	  9.5776	  0.0806
  0.0820	  9.9835	  0.0920
  0.0860	  9.8985	  0.0934
  0.0900	 10.2381	  0.1091
  0.0940	 10.5314	  0.1288
  0.0980	 10.5123	  0.1404
  0.1020	 10.8240	  0.1680
  0.1060	 10.7856	  0.1749
  0.1100	 10.9173	  0.1918
  0.1140	 10.9169	  0.1992
  0.1180	 10.5209	  0.1771
  0.1220	 11.1852	  0.2497
  0.1260	 11.0648	  0.2498
  0.1300	 11.3185	  0.2784
  0.1340	 10.8312	  0.2480
  0.1380	 11.2801	  0.3044
  0.1420	 11.8645	  0.3928
  0.1460	 10.6732	  0.2699
  0.1500	 11.2626	  0.3573
  0.1540	 11.3029	  0.3397
  0.1580	 11.0971	  0.3409
  0.1620	 10.8924	  0.3504
  0.1660	 11.9692	  0.4460
  0.1700	 11.0682	  0.4194
  0.1740	 10.5551	  0.3252
  0.1780	 10.6301	  0.3685
  0.1820	 11.3621	  0.4902
  0.1860	 10.4922	  0.3956
  0.1900	 10.2746	  0.3503
  0.1940	 10.0110	  0.3439
  0.1980	 10.1535	  0.3965
  0.2020	  9.7637	  0.3091
  0.2060	 10.1495	  0.3921
  0.2100	  9.3768	  0.3239
  0.2140	  9.6556	  0.3745
  0.2180	  9.7653	  0.3966
  0.2220	  9.1299	  0.3264
  0.2260	  9.1491	  0.3438
  0.2300	  8.8962	  0.3296
  0.2340	  8.7864	  0.3059
  0.2380	  8.5236	  0.2953
  0.2420	  8.6588	  0.3478
  0.2460	  7.8655	  0.2368
  0.2500	  8.6544	  0.3758
  0.2540	  7.6493	  0.2387
  0.2580	  7.3359	  0.2191
  0.2620	  7.0108	  0.1930
  0.2660	  7.3961	  0.2400
  0.2700	  7.1493	  0.2239
  0.2740	  7.0811	  0.2223
  0.2780	  6.7053	  0.2003
  0.2820	  6.7056	  0.1998
  0.2860	  6.5240	  0.1936
  0.2900	  6.0189	  0.1613
  0.2940	  5.8546	  0.1570
  0.2980	  6.0117	  0.1725
  0.3020	  5.3930	  0.1378
  0.3060	  5.7082	  0.1607
  0.3100	  5.1970	  0.1319
  0.3140	  5.2499	  0.1410
  0.3180	  4.9932	  0.1303
  0.3220	  5.0181	  0.1372
  0.3260	  4.7484	  0.1258
  0.3300	  4.6913	  0.1249
  0.3340	  4.5795	  0.1233
  0.3380	  4.5116	  0.1230
  0.3420	  4.1338	  0.1095
  0.3460	  4.0119	  0.1075
  0.3500	  4.1734	  0.1166
  0.3540	  4.0333	  0.1131
  0.3580	  3.9831	  0.1145
  0.3620	  3.8727	  0.1116
  0.3660	  3.5910	  0.1024
  0.3700	  3.5221	  0.1026
  0.3740	  3.5768	  0.1067
  0.3780	  3.5820	  0.1092
  0.3820	  3.5310	  0.1097
  0.3860	  3.4962	  0.1110
  0.3900	  3.4877	  0.1143
  0.3940	  3.5653	  0.1206
  0.3980	  3.3276	  0.1123
  0.4020	  3.3423	  0.1142
  0.4060	  3.1115	  0.1080
  0.4100	  3.0545	  0.1081
  0.4140	  3.3100	  0.1224
  0.4180	  3.1987	  0.1194
  0.4220	  3.0490	  0.1145
  0.4260	  3.2564	  0.1267
  0.4300	  3.0644	  0.1200
  0.4340	  3.1431	  0.1251
  0.4380	  3.0007	  0.1237
  0.4420	  3.2955	  0.1404
  0.4460	  2.7627	  0.1170
  0.4500	  2.8837	  0.1230
  0.4540	  2.8181	  0.1236
  0.4580	  2.9431	  0.1336
  0.4620	  3.0139	  0.1390
  0.4660	  3.0615	  0.1459
  0.4700	  2.8937	  0.1370
  0.4740	  3.1136	  0.1560
  0.4780	  2.8902	  0.1435
  0.4820	  2.8093	  0.1404
  0.4860	  3.0053	  0.1570
  0.4900	  2.8411	  0.1487
  0.4940	  2.7529	  0.1463
  0.4980	  2.9440	  0.1577
  0.5020	  2.6184	  0.1408
  0.5060	  2.8159	  0.1571
  0.5100	  2.8608	  0.1621
  0.5140	  2.6963	  0.1546
  0.5180	  2.5412	  0.1456
  0.5220	  2.5073	  0.1472
  0.5260	  2.6669	  0.1572
  0.5300	  2.4560	  0.1450
  0.5340	  2.8183	  0.1732
  0.5380	  2.5865	  0.1594
  0.5420	  2.3240	  0.1439
  0.5460	  2.3548	  0.1463
  0.5500	  1.9658	  0.1285
  0.5540	  1.9069	  0.1244
  0.5580	  1.5281	  0.1108
  0.5620	  1.5048	  0.1096
  0.5660	  1.1307	  0.0975
  0.5700	  1.0372	  0.0950
  0.5740	  0.9071	  0.0917
  0.5780	  0.6623	  0.0850
  0.5820	  0.6884	  0.0867
  0.5860	  0.6516	  0.0861
  0.5900	  0.3943	  0.0800
  0.5940	  0.4326	  0.0814
  0.5980	  0.2596	  0.0778
  0.6020	  0.1282	  0.0754
  0.6060	  0.2521	  0.0777
  0.6100	  0.1099	  0.0754
  0.6140	  0.0691	  0.0748
  0.6180	  0.0000	  0.0000
  0.6220	  0.0954	  0.0754
  0.6260	  0.1420	  0.0766
  0.6300	  0.1828	  0.0775
  0.6340	  0.0778	  0.0755
  0.6380	  0.1311	  0.0767
  0.6420	  0.1427	  0.0770
  0.6460	  0.1648	  0.0773
  0.6500	  0.1933	  0.0781
  0.6540	  0.2943	  0.0802
  0.6580	  0.4182	  0.0832
  0.6620	  0.2953	  0.0804
  0.6660	  0.3846	  0.0828
  0.6700	  0.3829	  0.0826
  0.6740	  0.3961	  0.0830
  0.6780	  0.5848	  0.0885
  0.6820	  0.5348	  0.0864
  0.6860	  0.6342	  0.0902
  0.6900	  0.6139	  0.0886
  0.6940	  0.8229	  0.0944
  0.6980	  0.8769	  0.0962
  0.7020	  0.8201	  0.0948
  0.7060	  0.7870	  0.0937
  0.7100	  0.9301	  0.0982
  0.7140	  1.0366	  0.1012
  0.7180	  1.0091	  0.0999
  0.7220	  0.9583	  0.0977
  0.7260	  1.1374	  0.1038
  0.7300	  1.3084	  0.1103
  0.7340	  1.2533	  0.1074
  0.7380	  1.3880	  0.1112
  0.7420	  1.5357	  0.1187
  0.7460	  1.7833	  0.1310
  0.7500	  1.9021	  0.1367
  0.7540	  1.7871	  0.1284
  0.7580	  1.8709	  0.1331
  0.7620	  2.2167	  0.1535
  0.7660	  1.9437	  0.1364
  0.7700	  2.2400	  0.1535
  0.7740	  2.3344	  0.1579
  0.7780	  2.1977	  0.1467
  0.7820	  2.4998	  0.1676
  0.7860	  2.4055	  0.1587
  0.7900	  2.6125	  0.1725
  0.7940	  2.8275	  0.1889
  0.7980	  0.0749	  0.0661
