# distance (nm)	f (kT)	df (kT)
  0.0020	 22.5567	  0.4505
  0.0060	 19.4469	  0.1132
  0.0100	 18.3573	  0.0814
  0.0140	 17.6320	  0.0698
  0.0180	 16.9789	  0.0629
  0.0220	 16.4667	  0.0594
  0.0260	 16.0346	  0.0572
  0.0300	 15.6338	  0.0557
  0.0340	 15.4546	  0.0555
  0.0380	 15.2876	  0.0555
  0.0420	 15.1189	  0.0553
  0.0460	 15.0014	  0.0554
  0.0500	 14.9864	  0.0561
  0.0540	 15.0291	  0.0572
  0.0580	 15.0284	  0.0579
  0.0620	 15.2078	  0.0604
  0.0660	 15.4557	  0.0641
  0.0700	 15.6076	  0.0680
  0.0740	 15.8888	  0.0742
  0.0780	 16.0454	  0.0821
  0.0820	 16.4627	  0.1008
  0.0860	 16.3419	  0.1039
  0.0900	 16.6380	  0.1237
  0.0940	 16.8519	  0.1519
  0.0980	 16.7067	  0.1525
  0.1020	 17.0525	  0.1850
  0.1060	 16.9847	  0.1931
  0.1100	 17.1902	  0.2137
  0.1140	 17.2125	  0.2293
  0.1180	 16.7909	  0.1898
  0.1220	 17.4830	  0.2754
  0.1260	 17.3326	  0.2810
  0.1300	 17.7137	  0.3521
  0.1340	 17.0584	  0.2798
  0.1380	 17.6667	  0.3630
  0.1420	 18.4846	  0.4648
  0.1460	 16.8331	  0.2884
  0.1500	 17.6018	  0.3846
  0.1540	 17.8990	  0.3937
  0.1580	 17.5250	  0.3940
  0.1620	 17.0931	  0.3833
  0.1660	 18.9673	  0.5395
  0.1700	 17.2300	  0.4650
  0.1740	 16.8321	  0.3832
  0.1780	 16.8082	  0.4087
  0.1820	 17.7333	  0.7036
  0.1860	 16.4889	  0.4728
  0.1900	 16.3931	  0.4084
  0.1940	 15.9493	  0.3799
  0.1980	 15.9974	  0.4544
  0.2020	 15.8701	  0.3861
  0.2060	 16.2022	  0.4758
  0.2100	 15.0449	  0.3583
  0.2140	 15.3682	  0.4458
  0.2180	 15.5640	  0.4661
  0.2220	 14.7021	  0.3587
  0.2260	 14.7404	  0.3863
  0.2300	 14.3356	  0.3573
  0.2340	 14.3417	  0.3620
  0.2380	 13.8979	  0.3373
  0.2420	 13.8023	  0.3689
  0.2460	 13.1384	  0.2652
  0.2500	 13.8331	  0.4013
  0.2540	 12.7020	  0.2641
  0.2580	 12.3235	  0.2322
  0.2620	 12.0123	  0.2107
  0.2660	 12.3023	  0.2689
  0.2700	 12.0122	  0.2440
  0.2740	 11.8444	  0.2517
  0.2780	 11.4571	  0.2121
  0.2820	 11.4882	  0.2283
  0.2860	 11.2570	  0.2130
  0.2900	 10.6055	  0.1715
  0.2940	 10.3890	  0.1631
  0.2980	 10.4289	  0.1815
  0.3020	  9.8129	  0.1417
  0.3060	 10.0722	  0.1689
  0.3100	  9.5738	  0.1396
  0.3140	  9.5172	  0.1448
  0.3180	  9.2052	  0.1337
  0.3220	  9.1473	  0.1374
  0.3260	  8.8241	  0.1253
  0.3300	  8.6988	  0.1255
  0.3340	  8.5480	  0.1228
  0.3380	  8.5214	  0.1246
  0.3420	  8.0490	  0.1074
  0.3460	  7.8847	  0.1047
  0.3500	  8.0129	  0.1150
  0.3540	  7.8221	  0.1111
  0.3580	  7.8185	  0.1140
  0.3620	  7.6062	  0.1097
  0.3660	  7.2676	  0.1000
  0.3700	  7.1892	  0.0999
  0.3740	  7.2162	  0.1050
  0.3780	  7.2194	  0.1089
  0.3820	  7.0635	  0.1070
  0.3860	  7.0158	  0.1092
  0.3900	  7.0201	  0.1123
  0.3940	  7.0550	  0.1189
  0.3980	  6.7762	  0.1095
  0.4020	  6.7470	  0.1131
  0.4060	  6.5166	  0.1054
  0.4100	  6.4330	  0.1057
  0.4140	  6.6496	  0.1207
  0.4180	  6.5232	  0.1185
  0.4220	  6.3821	  0.1147
  0.4260	  6.5455	  0.1276
  0.4300	  6.2827	  0.1189
  0.4340	  6.2749	  0.1241
  0.4380	  6.1898	  0.1228
  0.4420	  6.4240	  0.1423
  0.4460	  5.9429	  0.1164
  0.4500	  5.9096	  0.1220
  0.4540	  5.8836	  0.1233
  0.4580	  6.0503	  0.1356
  0.4620	  6.0671	  0.1428
  0.4660	  6.0435	  0.1468
  0.4700	  5.9014	  0.1408
  0.4740	  6.1188	  0.1606
  0.4780	  5.7789	  0.1447
  0.4820	  5.6798	  0.1422
  0.4860	  5.8179	  0.1579
  0.4900	  5.7065	  0.1523
  0.4940	  5.5609	  0.1478
  0.4980	  5.6914	  0.1635
  0.5020	  5.4171	  0.1467
  0.5060	  5.5308	  0.1610
  0.5100	  5.5138	  0.1660
  0.5140	  5.4167	  0.1604
  0.5180	  5.1902	  0.1500
  0.5220	  5.1195	  0.1500
  0.5260	  5.3147	  0.1674
  0.5300	  5.0985	  0.1552
  0.5340	  5.4819	  0.1903
  0.5380	  5.1836	  0.1706
  0.5420	  4.9831	  0.1564
  0.5460	  5.0460	  0.1622
  0.5500	  4.6503	  0.1369
  0.5540	  4.4999	  0.1356
  0.5580	  4.1110	  0.1158
  0.5620	  4.0593	  0.1164
  0.5660	  3.6938	  0.1004
  0.5700	  3.5220	  0.0968
  0.5740	  3.3092	  0.0921
  0.5780	  3.0573	  0.0845
  0.5820	  2.9664	  0.0847
  0.5860	  2.8553	  0.0834
  0.5900	  2.5466	  0.0758
  0.5940	  2.5565	  0.0773
  0.5980	  2.3687	  0.0734
  0.6020	  2.1510	  0.0697
  0.6060	  2.2057	  0.0726
  0.6100	  2.0504	  0.0696
  0.6140	  1.9782	  0.0689
  0.6180	  1.8536	  0.0672
  0.6220	  1.8817	  0.0692
  0.6260	  1.9102	  0.0706
  0.6300	  1.8925	  0.0713
  0.6340	  1.7444	  0.0688
  0.6380	  1.7856	  0.0704
  0.6420	  1.7514	  0.0706
  0.6460	  1.7221	  0.0707
  0.6500	  1.7301	  0.0718
  0.6540	  1.8375	  0.0752
  0.6580	  1.9008	  0.0782
  0.6620	  1.7891	  0.0753
  0.6660	  1.8238	  0.0774
  0.6700	  1.7822	  0.0771
  0.6740	  1.8033	  0.0781
  0.6780	  1.9531	  0.0838
  0.6820	  1.8466	  0.0816
  0.6860	  1.9454	  0.0850
  0.6900	  1.9051	  0.0846
  0.6940	  2.0702	  0.0917
  0.6980	  2.0639	  0.0927
  0.7020	  2.0142	  0.0909
  0.7060	  1.9555	  0.0896
  0.7100	  2.1039	  0.0953
  0.7140	  2.1214	  0.0984
  0.7180	  2.0557	  0.0962
  0.7220	  1.9658	  0.0938
  0.7260	  2.1204	  0.1009
  0.7300	  2.2410	  0.1076
  0.7340	  2.1587	  0.1046
  0.7380	  2.2640	  0.1106
  0.7420	  2.4039	  0.1176
  0.7460	  2.6111	  0.1305
  0.7500	  2.7491	  0.1391
  0.7540	  2.4946	  0.1268
  0.7580	  2.6089	  0.1331
  0.7620	  2.8952	  0.1536
  0.7660	  2.6952	  0.1378
  0.7700	  2.9146	  0.1558
  0.7740	  2.9815	  0.1616
  0.7780	  2.8051	  0.1497
  0.7820	  3.0637	  0.1706
  0.7860	  2.9329	  0.1632
  0.7900	  3.1450	  0.1781
  0.7940	  3.1967	  0.1892
  0.7980	  0.0000	  0.0000
