# distance (nm)	f (kT)	df (kT)
  0.0020	  6.5253	  0.4500
  0.0060	  3.5445	  0.1053
  0.0100	  2.5673	  0.0701
  0.0140	  1.9512	  0.0562
  0.0180	  1.4049	  0.0474
  0.0220	  0.9973	  0.0427
  0.0260	  0.6615	  0.0396
  0.0300	  0.3514	  0.0374
  0.0340	  0.2512	  0.0373
  0.0380	  0.1583	  0.0372
  0.0420	  0.0561	  0.0371
  0.0460	  0.0000	  0.0000
  0.0500	  0.0344	  0.0384
  0.0540	  0.1182	  0.0400
  0.0580	  0.1420	  0.0409
  0.0620	  0.3498	  0.0439
  0.0660	  0.6162	  0.0482
  0.0700	  0.8105	  0.0516
  0.0740	  1.0836	  0.0565
  0.0780	  1.3185	  0.0617
  0.0820	  1.8200	  0.0760
  0.0860	  1.8347	  0.0776
  0.0900	  2.2622	  0.0961
  0.0940	  2.6526	  0.1180
  0.0980	  2.7353	  0.1304
  0.1020	  3.1412	  0.1598
  0.1060	  3.2043	  0.1669
  0.1100	  3.4331	  0.1846
  0.1140	  3.5261	  0.1924
  0.1180	  3.2170	  0.1695
  0.1220	  3.9734	  0.2443
  0.1260	  3.9649	  0.2440
  0.1300	  4.3164	  0.2728
  0.1340	  3.9160	  0.2429
  0.1380	  4.4616	  0.3017
  0.1420	  5.1470	  0.3888
  0.1460	  4.0448	  0.2655
  0.1500	  4.7304	  0.3522
  0.1540	  4.8679	  0.3356
  0.1580	  4.7688	  0.3375
  0.1620	  4.6530	  0.3479
  0.1660	  5.8400	  0.4400
  0.1700	  5.0073	  0.4165
  0.1740	  4.5954	  0.3214
  0.1780	  4.7802	  0.3661
  0.1820	  5.5900	  0.4888
  0.1860	  4.8423	  0.3906
  0.1900	  4.7115	  0.3469
  0.1940	  4.5246	  0.3408
  0.1980	  4.7894	  0.3921
  0.2020	  4.5037	  0.3039
  0.2060	  4.9758	  0.3877
  0.2100	  4.3080	  0.3207
  0.2140	  4.6729	  0.3723
  0.2180	  4.8689	  0.3919
  0.2220	  4.3319	  0.3229
  0.2260	  4.4493	  0.3396
  0.2300	  4.2886	  0.3261
  0.2340	  4.2828	  0.3009
  0.2380	  4.1078	  0.2912
  0.2420	  4.3343	  0.3449
  0.2460	  3.6351	  0.2322
  0.2500	  4.5418	  0.3729
  0.2540	  3.6176	  0.2337
  0.2580	  3.4020	  0.2137
  0.2620	  3.1808	  0.1871
  0.2660	  3.6637	  0.2355
  0.2700	  3.5038	  0.2190
  0.2740	  3.5370	  0.2175
  0.2780	  3.2656	  0.1948
  0.2820	  3.3621	  0.1942
  0.2860	  3.2647	  0.1882
  0.2900	  2.8563	  0.1545
  0.2940	  2.7899	  0.1502
  0.2980	  3.0394	  0.1663
  0.3020	  2.5268	  0.1301
  0.3060	  2.9304	  0.1541
  0.3100	  2.5175	  0.1239
  0.3140	  2.6610	  0.1336
  0.3180	  2.5084	  0.1224
  0.3220	  2.6273	  0.1296
  0.3260	  2.4566	  0.1176
  0.3300	  2.4992	  0.1166
  0.3340	  2.4823	  0.1151
  0.3380	  2.5064	  0.1148
  0.3420	  2.2242	  0.1002
  0.3460	  2.2000	  0.0979
  0.3500	  2.4531	  0.1080
  0.3540	  2.4155	  0.1042
  0.3580	  2.4604	  0.1058
  0.3620	  2.4441	  0.1027
  0.3660	  2.2601	  0.0928
  0.3700	  2.2833	  0.0931
  0.3740	  2.4367	  0.0975
  0.3780	  2.5420	  0.1004
  0.3820	  2.5843	  0.1010
  0.3860	  2.6542	  0.1024
  0.3900	  2.7380	  0.1060
  0.3940	  2.9079	  0.1128
  0.3980	  2.7664	  0.1041
  0.4020	  2.8824	  0.1062
  0.4060	  2.7412	  0.0994
  0.4100	  2.7794	  0.0996
  0.4140	  3.1351	  0.1151
  0.4180	  3.1242	  0.1119
  0.4220	  3.0643	  0.1068
  0.4260	  3.3674	  0.1198
  0.4300	  3.2671	  0.1127
  0.4340	  3.4422	  0.1180
  0.4380	  3.4097	  0.1166
  0.4420	  3.8014	  0.1344
  0.4460	  3.3504	  0.1098
  0.4500	  3.5728	  0.1161
  0.4540	  3.6025	  0.1169
  0.4580	  3.8213	  0.1275
  0.4620	  3.9928	  0.1331
  0.4660	  4.1331	  0.1404
  0.4700	  4.0593	  0.1312
  0.4740	  4.3810	  0.1509
  0.4780	  4.2520	  0.1379
  0.4820	  4.2652	  0.1348
  0.4860	  4.5656	  0.1518
  0.4900	  4.4968	  0.1433
  0.4940	  4.4979	  0.1410
  0.4980	  4.7886	  0.1529
  0.5020	  4.5592	  0.1354
  0.5060	  4.8513	  0.1522
  0.5100	  4.9902	  0.1577
  0.5140	  4.9241	  0.1497
  0.5180	  4.8631	  0.1405
  0.5220	  4.9252	  0.1422
  0.5260	  5.1840	  0.1527
  0.5300	  5.0683	  0.1400
  0.5340	  5.5237	  0.1693
  0.5380	  5.3877	  0.1547
  0.5420	  5.2339	  0.1388
  0.5460	  5.3500	  0.1415
  0.5500	  5.0598	  0.1230
  0.5540	  5.0949	  0.1187
  0.5580	  4.8164	  0.1044
  0.5620	  4.8902	  0.1031
  0.5660	  4.6091	  0.0902
  0.5700	  4.6142	  0.0875
  0.5740	  4.5797	  0.0840
  0.5780	  4.4320	  0.0767
  0.5820	  4.5516	  0.0787
  0.5860	  4.6131	  0.0780
  0.5900	  4.4506	  0.0713
  0.5940	  4.5816	  0.0729
  0.5980	  4.5074	  0.0689
  0.6020	  4.4701	  0.0662
  0.6060	  4.6919	  0.0689
  0.6100	  4.6450	  0.0663
  0.6140	  4.7012	  0.0657
  0.6180	  4.7303	  0.0644
  0.6220	  4.9226	  0.0665
  0.6260	  5.0643	  0.0679
  0.6300	  5.1985	  0.0690
  0.6340	  5.1922	  0.0667
  0.6380	  5.3418	  0.0681
  0.6420	  5.4487	  0.0685
  0.6460	  5.5659	  0.0688
  0.6500	  5.6927	  0.0698
  0.6540	  5.8904	  0.0721
  0.6580	  6.1064	  0.0755
  0.6620	  6.0824	  0.0724
  0.6660	  6.2692	  0.0751
  0.6700	  6.3605	  0.0749
  0.6740	  6.4742	  0.0754
  0.6780	  6.7536	  0.0814
  0.6820	  6.8012	  0.0791
  0.6860	  6.9962	  0.0833
  0.6900	  7.0756	  0.0815
  0.6940	  7.3784	  0.0879
  0.6980	  7.5285	  0.0898
  0.7020	  7.5678	  0.0883
  0.7060	  7.6321	  0.0872
  0.7100	  7.8673	  0.0920
  0.7140	  8.0711	  0.0951
  0.7180	  8.1427	  0.0938
  0.7220	  8.1917	  0.0914
  0.7260	  8.4638	  0.0979
  0.7300	  8.7322	  0.1048
  0.7340	  8.7692	  0.1017
  0.7380	  8.9974	  0.1059
  0.7420	  9.2429	  0.1136
  0.7460	  9.5906	  0.1263
  0.7500	  9.7994	  0.1324
  0.7540	  9.7900	  0.1238
  0.7580	  9.9678	  0.1287
  0.7620	 10.4074	  0.1495
  0.7660	 10.2272	  0.1321
  0.7700	 10.6224	  0.1495
  0.7740	 10.8170	  0.1542
  0.7780	 10.7772	  0.1427
  0.7820	 11.1779	  0.1641
  0.7860	 11.1722	  0.1549
  0.7900	 11.4758	  0.1691
  0.7940	 11.7908	  0.1858
  0.7980	  9.9254	  0.0677
