# distance (nm)	f (kT)	df (kT)
  0.0020	  5.1956	  0.4484
  0.0060	  2.2183	  0.1054
  0.0100	  1.3575	  0.0702
  0.0140	  0.8922	  0.0562
  0.0180	  0.4919	  0.0475
  0.0220	  0.2508	  0.0428
  0.0260	  0.0988	  0.0397
  0.0300	  0.0000	  0.0000
  0.0340	  0.1240	  0.0376
  0.0380	  0.2909	  0.0376
  0.0420	  0.4606	  0.0377
  0.0460	  0.6916	  0.0381
  0.0500	  1.0553	  0.0397
  0.0540	  1.4721	  0.0423
  0.0580	  1.8771	  0.0447
  0.0620	  2.4425	  0.0511
  0.0660	  3.0725	  0.0614
  0.0700	  3.5265	  0.0731
  0.0740	  4.2050	  0.0904
  0.0780	  4.5716	  0.1029
  0.0820	  5.1988	  0.1346
  0.0860	  5.3226	  0.1274
  0.0900	  5.8192	  0.1601
  0.0940	  6.1668	  0.1835
  0.0980	  6.3099	  0.1737
  0.1020	  7.0187	  0.2122
  0.1060	  7.1911	  0.2302
  0.1100	  7.8260	  0.2725
  0.1140	  8.0946	  0.2948
  0.1180	  8.0597	  0.2286
  0.1220	  9.0422	  0.3598
  0.1260	  9.1648	  0.3475
  0.1300	  9.8245	  0.4687
  0.1340	  9.3200	  0.3313
  0.1380	 10.3815	  0.5125
  0.1420	 12.2126	  0.6353
  0.1460	  9.9429	  0.3518
  0.1500	 11.5005	  0.4838
  0.1540	 12.4396	  0.4954
  0.1580	 11.9532	  0.5560
  0.1620	 11.3956	  0.4784
  0.1660	 15.3731	  0.8195
  0.1700	 12.0206	  0.5152
  0.1740	 12.0361	  0.5459
  0.1780	 12.2550	  0.5427
  0.1820	 13.1318	  0.9656
  0.1860	 12.0167	  0.6587
  0.1900	 12.4617	  0.5552
  0.1940	 11.9740	  0.4607
  0.1980	 12.1685	  0.5229
  0.2020	 12.6955	  0.6424
  0.2060	 13.2696	  0.6117
  0.2100	 11.7189	  0.4375
  0.2140	 12.2288	  0.5816
  0.2180	 12.9936	  0.5691
  0.2220	 12.0133	  0.4226
  0.2260	 12.4188	  0.4624
  0.2300	 12.0037	  0.4797
  0.2340	 12.3552	  0.5062
  0.2380	 11.8533	  0.4334
  0.2420	 11.7155	  0.4099
  0.2460	 11.4637	  0.3158
  0.2500	 12.4509	  0.4828
  0.2540	 11.1890	  0.3032
  0.2580	 11.0530	  0.2760
  0.2620	 10.9842	  0.2574
  0.2660	 11.3361	  0.3214
  0.2700	 11.2715	  0.2835
  0.2740	 11.1198	  0.2846
  0.2780	 11.1440	  0.2537
  0.2820	 11.2812	  0.2987
  0.2860	 11.3585	  0.2592
  0.2900	 10.7090	  0.2059
  0.2940	 10.7349	  0.1942
  0.2980	 10.8280	  0.2033
  0.3020	 10.5267	  0.1654
  0.3060	 10.8878	  0.1964
  0.3100	 10.6088	  0.1662
  0.3140	 10.7322	  0.1670
  0.3180	 10.6367	  0.1493
  0.3220	 10.7675	  0.1514
  0.3260	 10.6106	  0.1371
  0.3300	 10.6167	  0.1353
  0.3340	 10.6945	  0.1323
  0.3380	 10.9369	  0.1405
  0.3420	 10.6380	  0.1157
  0.3460	 10.6908	  0.1123
  0.3500	 11.0122	  0.1245
  0.3540	 11.0157	  0.1200
  0.3580	 11.3588	  0.1264
  0.3620	 11.2355	  0.1192
  0.3660	 11.1120	  0.1046
  0.3700	 11.2774	  0.1066
  0.3740	 11.5111	  0.1124
  0.3780	 11.7628	  0.1182
  0.3820	 11.7627	  0.1133
  0.3860	 11.9819	  0.1165
  0.3900	 12.2529	  0.1242
  0.3940	 12.5263	  0.1293
  0.3980	 12.4482	  0.1188
  0.4020	 12.5983	  0.1219
  0.4060	 12.6404	  0.1154
  0.4100	 12.7924	  0.1153
  0.4140	 13.2648	  0.1313
  0.4180	 13.3870	  0.1286
  0.4220	 13.4788	  0.1267
  0.4260	 13.8033	  0.1431
  0.4300	 13.7585	  0.1293
  0.4340	 13.8753	  0.1322
  0.4380	 14.2311	  0.1350
  0.4420	 14.5942	  0.1553
  0.4460	 14.4687	  0.1296
  0.4500	 14.4805	  0.1295
  0.4540	 14.7838	  0.1349
  0.4580	 15.2733	  0.1542
  0.4620	 15.4546	  0.1603
  0.4660	 15.6394	  0.1623
  0.4700	 15.7295	  0.1600
  0.4740	 16.2850	  0.1852
  0.4780	 16.0616	  0.1588
  0.4820	 16.1551	  0.1586
  0.4860	 16.5423	  0.1739
  0.4900	 16.7111	  0.1786
  0.4940	 16.7809	  0.1693
  0.4980	 17.0121	  0.1830
  0.5020	 17.0913	  0.1704
  0.5060	 17.4048	  0.1822
  0.5100	 17.5623	  0.1882
  0.5140	 17.8409	  0.1879
  0.5180	 17.7618	  0.1715
  0.5220	 17.9564	  0.1706
  0.5260	 18.3707	  0.1975
  0.5300	 18.4032	  0.1830
  0.5340	 19.1184	  0.2258
  0.5380	 18.9956	  0.2061
  0.5420	 19.1500	  0.1958
  0.5460	 19.4328	  0.2127
  0.5500	 19.4560	  0.1843
  0.5540	 19.3404	  0.1734
  0.5580	 19.3982	  0.1448
  0.5620	 19.5014	  0.1474
  0.5660	 19.5357	  0.1260
  0.5700	 19.4820	  0.1195
  0.5740	 19.4419	  0.1100
  0.5780	 19.4025	  0.1035
  0.5820	 19.4631	  0.0976
  0.5860	 19.5035	  0.0961
  0.5900	 19.3601	  0.0866
  0.5940	 19.5993	  0.0889
  0.5980	 19.6656	  0.0841
  0.6020	 19.5952	  0.0782
  0.6060	 19.7896	  0.0805
  0.6100	 19.9150	  0.0771
  0.6140	 20.0539	  0.0771
  0.6180	 20.1263	  0.0743
  0.6220	 20.3263	  0.0757
  0.6260	 20.5980	  0.0780
  0.6300	 20.7610	  0.0782
  0.6340	 20.8301	  0.0751
  0.6380	 21.1015	  0.0779
  0.6420	 21.2934	  0.0773
  0.6460	 21.4291	  0.0776
  0.6500	 21.7020	  0.0786
  0.6540	 22.0511	  0.0838
  0.6580	 22.3011	  0.0862
  0.6620	 22.4588	  0.0844
  0.6660	 22.7205	  0.0865
  0.6700	 22.8772	  0.0859
  0.6740	 23.1820	  0.0883
  0.6780	 23.5611	  0.0950
  0.6820	 23.6356	  0.0910
  0.6860	 24.0425	  0.0971
  0.6900	 24.1938	  0.0965
  0.6940	 24.5495	  0.1041
  0.6980	 24.7552	  0.1041
  0.7020	 24.9840	  0.1047
  0.7060	 25.1897	  0.1033
  0.7100	 25.5713	  0.1122
  0.7140	 25.7673	  0.1104
  0.7180	 25.8935	  0.1103
  0.7220	 26.0538	  0.1059
  0.7260	 26.4204	  0.1150
  0.7300	 26.7622	  0.1216
  0.7340	 26.8822	  0.1193
  0.7380	 27.1890	  0.1232
  0.7420	 27.6004	  0.1351
  0.7460	 28.0477	  0.1495
  0.7500	 28.4576	  0.1622
  0.7540	 28.3135	  0.1415
  0.7580	 28.7367	  0.1521
  0.7620	 29.2018	  0.1758
  0.7660	 29.3560	  0.1658
  0.7700	 29.7594	  0.1825
  0.7740	 30.0361	  0.1879
  0.7780	 30.0501	  0.1755
  0.7820	 30.5656	  0.1979
  0.7860	 30.6640	  0.1830
  0.7900	 31.0994	  0.2103
  0.7940	 31.2789	  0.2086
  0.7980	 30.1397	  0.0912
