# distance (nm)	f (kT)	df (kT)
  0.0020	 18.5213	  0.4561
  0.0060	 15.4979	  0.1163
  0.0100	 14.4170	  0.0855
  0.0140	 13.6758	  0.0744
  0.0180	 13.0073	  0.0680
  0.0220	 12.4701	  0.0647
  0.0260	 11.9915	  0.0626
  0.0300	 11.5248	  0.0612
  0.0340	 11.2596	  0.0612
  0.0380	 10.9895	  0.0612
  0.0420	 10.7102	  0.0609
  0.0460	 10.4618	  0.0610
  0.0500	 10.2800	  0.0617
  0.0540	 10.1395	  0.0628
  0.0580	  9.9194	  0.0633
  0.0620	  9.8718	  0.0655
  0.0660	  9.8701	  0.0685
  0.0700	  9.8042	  0.0710
  0.0740	  9.7340	  0.0743
  0.0780	  9.7069	  0.0777
  0.0820	  9.9419	  0.0879
  0.0860	  9.7300	  0.0872
  0.0900	  9.9494	  0.0991
  0.0940	 10.0829	  0.1112
  0.0980	 10.2628	  0.1235
  0.1020	 10.4128	  0.1403
  0.1060	 10.4463	  0.1492
  0.1100	 10.5959	  0.1670
  0.1140	 10.5069	  0.1723
  0.1180	 10.2569	  0.1584
  0.1220	 10.8844	  0.2204
  0.1260	 10.8153	  0.2301
  0.1300	 10.6714	  0.2403
  0.1340	 10.5033	  0.2254
  0.1380	 10.8455	  0.2880
  0.1420	 11.1346	  0.3604
  0.1460	 10.4979	  0.2611
  0.1500	 10.7669	  0.3237
  0.1540	 10.4399	  0.3085
  0.1580	 10.1479	  0.2853
  0.1620	 10.5394	  0.3420
  0.1660	 10.6106	  0.4123
  0.1700	 10.3712	  0.3635
  0.1740	  9.7363	  0.2864
  0.1780	 10.0283	  0.3412
  0.1820	 10.2312	  0.4157
  0.1860	  9.9576	  0.3628
  0.1900	  9.4965	  0.3099
  0.1940	  9.5674	  0.3260
  0.1980	  9.5027	  0.3449
  0.2020	  8.8109	  0.2660
  0.2060	  9.2158	  0.3417
  0.2100	  9.1015	  0.3134
  0.2140	  9.1283	  0.3467
  0.2180	  8.9681	  0.3439
  0.2220	  8.6768	  0.3031
  0.2260	  8.6564	  0.3148
  0.2300	  8.5931	  0.3018
  0.2340	  8.1974	  0.2787
  0.2380	  8.3258	  0.2910
  0.2420	  8.4670	  0.3212
  0.2460	  7.6054	  0.2287
  0.2500	  8.2289	  0.3383
  0.2540	  7.4163	  0.2292
  0.2580	  7.4312	  0.2215
  0.2620	  6.9890	  0.1939
  0.2660	  7.3103	  0.2424
  0.2700	  7.0561	  0.2228
  0.2740	  6.6673	  0.2092
  0.2780	  6.7875	  0.2056
  0.2820	  6.5644	  0.2021
  0.2860	  6.4544	  0.1974
  0.2900	  6.1890	  0.1690
  0.2940	  6.0695	  0.1654
  0.2980	  6.2963	  0.1881
  0.3020	  5.7068	  0.1475
  0.3060	  5.8546	  0.1738
  0.3100	  5.2832	  0.1404
  0.3140	  5.5309	  0.1550
  0.3180	  5.3506	  0.1444
  0.3220	  5.5373	  0.1512
  0.3260	  5.3176	  0.1398
  0.3300	  5.0424	  0.1435
  0.3340	  5.0933	  0.1426
  0.3380	  4.8469	  0.1395
  0.3420	  4.6684	  0.1237
  0.3460	  4.6301	  0.1200
  0.3500	  4.6864	  0.1346
  0.3540	  4.6015	  0.1306
  0.3580	  4.3720	  0.1287
  0.3620	  4.3188	  0.1302
  0.3660	  4.1636	  0.1185
  0.3700	  4.0668	  0.1177
  0.3740	  4.0391	  0.1236
  0.3780	  4.0209	  0.1268
  0.3820	  4.1307	  0.1287
  0.3860	  4.0201	  0.1308
  0.3900	  3.9549	  0.1329
  0.3940	  3.9584	  0.1419
  0.3980	  3.9245	  0.1280
  0.4020	  3.7463	  0.1365
  0.4060	  3.5777	  0.1250
  0.4100	  3.5317	  0.1249
  0.4140	  3.8684	  0.1406
  0.4180	  3.6212	  0.1389
  0.4220	  3.3848	  0.1324
  0.4260	  3.5795	  0.1492
  0.4300	  3.5243	  0.1406
  0.4340	  3.7263	  0.1490
  0.4380	  3.4143	  0.1428
  0.4420	  3.5611	  0.1682
  0.4460	  3.1434	  0.1309
  0.4500	  3.2900	  0.1490
  0.4540	  3.1842	  0.1448
  0.4580	  3.2910	  0.1520
  0.4620	  3.1378	  0.1622
  0.4660	  3.3407	  0.1732
  0.4700	  3.0410	  0.1587
  0.4740	  3.2465	  0.1793
  0.4780	  3.1586	  0.1703
  0.4820	  3.0965	  0.1655
  0.4860	  3.2291	  0.1872
  0.4900	  2.9668	  0.1718
  0.4940	  2.9461	  0.1702
  0.4980	  3.1124	  0.1888
  0.5020	  2.6736	  0.1617
  0.5060	  3.0344	  0.1851
  0.5100	  2.8636	  0.1883
  0.5140	  2.6528	  0.1745
  0.5180	  2.6182	  0.1670
  0.5220	  2.5494	  0.1687
  0.5260	  2.3954	  0.1725
  0.5300	  2.1923	  0.1603
  0.5340	  2.3332	  0.1806
  0.5380	  2.2207	  0.1699
  0.5420	  1.9487	  0.1510
  0.5460	  1.8183	  0.1488
  0.5500	  1.5600	  0.1304
  0.5540	  1.4696	  0.1296
  0.5580	  1.1369	  0.1131
  0.5620	  1.1047	  0.1127
  0.5660	  0.7911	  0.0989
  0.5700	  0.7446	  0.0974
  0.5740	  0.6791	  0.0949
  0.5780	  0.4832	  0.0879
  0.5820	  0.6857	  0.0917
  0.5860	  0.6810	  0.0921
  0.5900	  0.4796	  0.0852
  0.5940	  0.4653	  0.0867
  0.5980	  0.2918	  0.0819
  0.6020	  0.2959	  0.0800
  0.6060	  0.3791	  0.0844
  0.6100	  0.2795	  0.0803
  0.6140	  0.2653	  0.0795
  0.6180	  0.2091	  0.0785
  0.6220	  0.3159	  0.0819
  0.6260	  0.2684	  0.0834
  0.6300	  0.4146	  0.0853
  0.6340	  0.3183	  0.0826
  0.6380	  0.3540	  0.0840
  0.6420	  0.3832	  0.0848
  0.6460	  0.4108	  0.0858
  0.6500	  0.4729	  0.0864
  0.6540	  0.3143	  0.0883
  0.6580	  0.5855	  0.0939
  0.6620	  0.4550	  0.0880
  0.6660	  0.5916	  0.0922
  0.6700	  0.5982	  0.0921
  0.6740	  0.5027	  0.0909
  0.6780	  0.7414	  0.0989
  0.6820	  0.6882	  0.0970
  0.6860	  0.8927	  0.0991
  0.6900	  0.7419	  0.0982
  0.6940	  0.9255	  0.1064
  0.6980	  1.0418	  0.1102
  0.7020	  0.9929	  0.1062
  0.7060	  0.9458	  0.1040
  0.7100	  0.9718	  0.1085
  0.7140	  1.1184	  0.1146
  0.7180	  1.1711	  0.1131
  0.7220	  1.1548	  0.1099
  0.7260	  1.3138	  0.1190
  0.7300	  1.4414	  0.1283
  0.7340	  1.4144	  0.1243
  0.7380	  1.4576	  0.1296
  0.7420	  1.7280	  0.1352
  0.7460	  1.8944	  0.1530
  0.7500	  1.9168	  0.1578
  0.7540	  2.0865	  0.1522
  0.7580	  1.9760	  0.1546
  0.7620	  2.3082	  0.1811
  0.7660	  2.0578	  0.1542
  0.7700	  2.3002	  0.1799
  0.7740	  2.2898	  0.1835
  0.7780	  2.2681	  0.1699
  0.7820	  2.6976	  0.1949
  0.7860	  2.4525	  0.1873
  0.7900	  2.7002	  0.2004
  0.7940	  2.9631	  0.2280
  0.7980	  0.0000	  0.0000
