# distance (nm)	f (kT)	df (kT)
  0.0020	 13.4626	  0.4586
  0.0060	 10.4654	  0.1255
  0.0100	  9.4150	  0.0977
  0.0140	  8.7058	  0.0881
  0.0180	  8.0686	  0.0828
  0.0220	  7.5635	  0.0801
  0.0260	  7.1167	  0.0784
  0.0300	  6.6824	  0.0773
  0.0340	  6.4484	  0.0773
  0.0380	  6.2106	  0.0772
  0.0420	  5.9630	  0.0771
  0.0460	  5.7464	  0.0772
  0.0500	  5.5972	  0.0777
  0.0540	  5.4883	  0.0785
  0.0580	  5.2999	  0.0790
  0.0620	  5.2844	  0.0807
  0.0660	  5.3147	  0.0831
  0.0700	  5.2803	  0.0852
  0.0740	  5.2435	  0.0880
  0.0780	  5.2478	  0.0909
  0.0820	  5.5149	  0.0997
  0.0860	  5.3352	  0.0991
  0.0900	  5.5854	  0.1097
  0.0940	  5.7510	  0.1207
  0.0980	  5.9635	  0.1321
  0.1020	  6.1441	  0.1479
  0.1060	  6.2122	  0.1564
  0.1100	  6.3928	  0.1735
  0.1140	  6.3360	  0.1786
  0.1180	  6.1171	  0.1651
  0.1220	  6.7748	  0.2252
  0.1260	  6.7416	  0.2348
  0.1300	  6.6290	  0.2448
  0.1340	  6.4925	  0.2302
  0.1380	  6.8691	  0.2915
  0.1420	  7.1883	  0.3633
  0.1460	  6.5839	  0.2650
  0.1500	  6.8818	  0.3270
  0.1540	  6.5880	  0.3119
  0.1580	  6.3310	  0.2891
  0.1620	  6.7558	  0.3449
  0.1660	  6.8581	  0.4150
  0.1700	  6.6432	  0.3665
  0.1740	  6.0440	  0.2900
  0.1780	  6.3729	  0.3443
  0.1820	  6.6006	  0.4183
  0.1860	  6.3631	  0.3661
  0.1900	  5.9370	  0.3134
  0.1940	  6.0332	  0.3292
  0.1980	  6.0068	  0.3481
  0.2020	  5.3456	  0.2702
  0.2060	  5.7848	  0.3449
  0.2100	  5.7054	  0.3169
  0.2140	  5.7613	  0.3497
  0.2180	  5.6279	  0.3471
  0.2220	  5.3740	  0.3063
  0.2260	  5.3812	  0.3184
  0.2300	  5.3527	  0.3052
  0.2340	  4.9884	  0.2826
  0.2380	  5.1470	  0.2947
  0.2420	  5.3208	  0.3242
  0.2460	  4.4910	  0.2331
  0.2500	  5.1529	  0.3413
  0.2540	  4.3633	  0.2341
  0.2580	  4.4126	  0.2264
  0.2620	  4.0046	  0.1995
  0.2660	  4.3598	  0.2468
  0.2700	  4.1348	  0.2276
  0.2740	  3.7805	  0.2142
  0.2780	  3.9338	  0.2109
  0.2820	  3.7427	  0.2074
  0.2860	  3.6639	  0.2025
  0.2900	  3.4269	  0.1754
  0.2940	  3.3411	  0.1719
  0.2980	  3.5974	  0.1939
  0.3020	  3.0447	  0.1547
  0.3060	  3.2216	  0.1800
  0.3100	  2.6842	  0.1479
  0.3140	  2.9619	  0.1618
  0.3180	  2.8162	  0.1516
  0.3220	  3.0342	  0.1581
  0.3260	  2.8473	  0.1474
  0.3300	  2.6052	  0.1508
  0.3340	  2.6886	  0.1498
  0.3380	  2.4733	  0.1469
  0.3420	  2.3260	  0.1321
  0.3460	  2.3194	  0.1288
  0.3500	  2.4071	  0.1424
  0.3540	  2.3550	  0.1387
  0.3580	  2.1582	  0.1368
  0.3620	  2.1356	  0.1383
  0.3660	  2.0134	  0.1273
  0.3700	  1.9478	  0.1265
  0.3740	  1.9531	  0.1320
  0.3780	  1.9685	  0.1350
  0.3820	  2.1081	  0.1370
  0.3860	  2.0317	  0.1390
  0.3900	  1.9999	  0.1406
  0.3940	  2.0319	  0.1495
  0.3980	  2.0313	  0.1362
  0.4020	  1.8863	  0.1442
  0.4060	  1.7477	  0.1334
  0.4100	  1.7342	  0.1332
  0.4140	  2.1036	  0.1481
  0.4180	  1.8887	  0.1466
  0.4220	  1.6842	  0.1403
  0.4260	  1.9100	  0.1563
  0.4300	  1.8843	  0.1483
  0.4340	  2.1180	  0.1564
  0.4380	  1.8433	  0.1503
  0.4420	  2.0211	  0.1748
  0.4460	  1.6325	  0.1390
  0.4500	  1.8127	  0.1562
  0.4540	  1.7406	  0.1519
  0.4580	  1.8780	  0.1589
  0.4620	  1.7587	  0.1686
  0.4660	  1.9934	  0.1790
  0.4700	  1.7222	  0.1654
  0.4740	  1.9619	  0.1853
  0.4780	  1.9057	  0.1767
  0.4820	  1.8746	  0.1721
  0.4860	  2.0404	  0.1933
  0.4900	  1.8116	  0.1780
  0.4940	  1.8212	  0.1765
  0.4980	  2.0223	  0.1943
  0.5020	  1.6124	  0.1685
  0.5060	  2.0067	  0.1909
  0.5100	  1.8661	  0.1941
  0.5140	  1.6884	  0.1807
  0.5180	  1.6843	  0.1735
  0.5220	  1.6482	  0.1751
  0.5260	  1.5287	  0.1787
  0.5300	  1.3569	  0.1670
  0.5340	  1.5295	  0.1865
  0.5380	  1.4469	  0.1764
  0.5420	  1.2118	  0.1582
  0.5460	  1.1115	  0.1560
  0.5500	  0.8858	  0.1386
  0.5540	  0.8270	  0.1378
  0.5580	  0.5264	  0.1226
  0.5620	  0.5254	  0.1222
  0.5660	  0.2438	  0.1096
  0.5700	  0.2306	  0.1083
  0.5740	  0.1956	  0.1062
  0.5780	  0.0320	  0.0999
  0.5820	  0.2670	  0.1033
  0.5860	  0.2947	  0.1037
  0.5900	  0.1253	  0.0976
  0.5940	  0.1421	  0.0990
  0.5980	  0.0000	  0.0000
  0.6020	  0.0366	  0.0933
  0.6060	  0.1522	  0.0971
  0.6100	  0.0850	  0.0935
  0.6140	  0.1025	  0.0929
  0.6180	  0.0797	  0.0921
  0.6220	  0.2178	  0.0951
  0.6260	  0.2016	  0.0964
  0.6300	  0.3800	  0.0981
  0.6340	  0.3169	  0.0957
  0.6380	  0.3846	  0.0970
  0.6420	  0.4457	  0.0977
  0.6460	  0.5037	  0.0987
  0.6500	  0.5986	  0.0992
  0.6540	  0.4727	  0.1009
  0.6580	  0.7754	  0.1058
  0.6620	  0.6777	  0.1007
  0.6660	  0.8459	  0.1044
  0.6700	  0.8845	  0.1043
  0.6740	  0.8223	  0.1034
  0.6780	  1.0915	  0.1105
  0.6820	  1.0706	  0.1088
  0.6860	  1.3068	  0.1106
  0.6900	  1.1900	  0.1099
  0.6940	  1.4034	  0.1174
  0.6980	  1.5528	  0.1208
  0.7020	  1.5354	  0.1172
  0.7060	  1.5210	  0.1153
  0.7100	  1.5790	  0.1193
  0.7140	  1.7566	  0.1250
  0.7180	  1.8430	  0.1235
  0.7220	  1.8592	  0.1207
  0.7260	  2.0485	  0.1291
  0.7300	  2.2086	  0.1378
  0.7340	  2.2134	  0.1340
  0.7380	  2.2876	  0.1389
  0.7420	  2.5905	  0.1442
  0.7460	  2.7885	  0.1612
  0.7500	  2.8433	  0.1656
  0.7540	  3.0457	  0.1606
  0.7580	  2.9673	  0.1626
  0.7620	  3.3312	  0.1882
  0.7660	  3.1110	  0.1624
  0.7700	  3.3857	  0.1871
  0.7740	  3.4104	  0.1905
  0.7780	  3.4207	  0.1774
  0.7820	  3.8845	  0.2012
  0.7860	  3.6683	  0.1941
  0.7900	  3.9478	  0.2069
  0.7940	  4.2461	  0.2333
  0.7980	  1.6962	  0.0857
