# distance (nm)	f (kT)	df (kT)
  0.0020	  5.3469	  0.4483
  0.0060	  2.4039	  0.1052
  0.0100	  1.5313	  0.0699
  0.0140	  1.0410	  0.0560
  0.0180	  0.6173	  0.0473
  0.0220	  0.3430	  0.0426
  0.0260	  0.1508	  0.0395
  0.0300	  0.0000	  0.0000
  0.0340	  0.0640	  0.0373
  0.0380	  0.1551	  0.0373
  0.0420	  0.2428	  0.0372
  0.0460	  0.3863	  0.0375
  0.0500	  0.6445	  0.0388
  0.0540	  0.9565	  0.0407
  0.0580	  1.2338	  0.0420
  0.0620	  1.6927	  0.0460
  0.0660	  2.2201	  0.0521
  0.0700	  2.6343	  0.0586
  0.0740	  3.2023	  0.0690
  0.0780	  3.5892	  0.0805
  0.0820	  4.2316	  0.1052
  0.0860	  4.3385	  0.1066
  0.0900	  4.8285	  0.1300
  0.0940	  5.2390	  0.1591
  0.0980	  5.3282	  0.1550
  0.1020	  5.9313	  0.1900
  0.1060	  6.1100	  0.1998
  0.1100	  6.6090	  0.2270
  0.1140	  6.8596	  0.2467
  0.1180	  6.6776	  0.1976
  0.1220	  7.6149	  0.2956
  0.1260	  7.7350	  0.2950
  0.1300	  8.3844	  0.3864
  0.1340	  7.8818	  0.2951
  0.1380	  8.7917	  0.4148
  0.1420	 10.0676	  0.5146
  0.1460	  8.3676	  0.3035
  0.1500	  9.5318	  0.3946
  0.1540	 10.1794	  0.4246
  0.1580	  9.9527	  0.4397
  0.1620	  9.6219	  0.4113
  0.1660	 12.3183	  0.6061
  0.1700	 10.1919	  0.4829
  0.1740	 10.1058	  0.4257
  0.1780	 10.3183	  0.4458
  0.1820	 11.4181	  0.8293
  0.1860	 10.3881	  0.5222
  0.1900	 10.5779	  0.4481
  0.1940	 10.2278	  0.4068
  0.1980	 10.5327	  0.4742
  0.2020	 10.8123	  0.4524
  0.2060	 11.3321	  0.5164
  0.2100	 10.2075	  0.3843
  0.2140	 10.7379	  0.4971
  0.2180	 11.2514	  0.4935
  0.2220	 10.5023	  0.3770
  0.2260	 10.8106	  0.4061
  0.2300	 10.5553	  0.3814
  0.2340	 10.8736	  0.3918
  0.2380	 10.5363	  0.3635
  0.2420	 10.5513	  0.3803
  0.2460	 10.1794	  0.2804
  0.2500	 11.1391	  0.4229
  0.2540	 10.1127	  0.2757
  0.2580	  9.9715	  0.2413
  0.2620	  9.9086	  0.2224
  0.2660	 10.3770	  0.2843
  0.2700	 10.2894	  0.2556
  0.2740	 10.2957	  0.2608
  0.2780	 10.1965	  0.2214
  0.2820	 10.4503	  0.2481
  0.2860	 10.4260	  0.2242
  0.2900	  9.9380	  0.1795
  0.2940	  9.9434	  0.1691
  0.2980	 10.1551	  0.1858
  0.3020	  9.8056	  0.1447
  0.3060	 10.2422	  0.1741
  0.3100	  9.9813	  0.1452
  0.3140	 10.1168	  0.1483
  0.3180	 10.0393	  0.1351
  0.3220	 10.1819	  0.1381
  0.3260	 10.0735	  0.1254
  0.3300	 10.1509	  0.1254
  0.3340	 10.2259	  0.1223
  0.3380	 10.4367	  0.1259
  0.3420	 10.1661	  0.1062
  0.3460	 10.2237	  0.1035
  0.3500	 10.5602	  0.1146
  0.3540	 10.6022	  0.1105
  0.3580	 10.8577	  0.1143
  0.3620	 10.8247	  0.1092
  0.3660	 10.7047	  0.0981
  0.3700	 10.8542	  0.0984
  0.3740	 11.1069	  0.1043
  0.3780	 11.3503	  0.1092
  0.3820	 11.3884	  0.1059
  0.3860	 11.5927	  0.1085
  0.3900	 11.8300	  0.1128
  0.3940	 12.0811	  0.1192
  0.3980	 12.0240	  0.1093
  0.4020	 12.2144	  0.1131
  0.4060	 12.2176	  0.1054
  0.4100	 12.3555	  0.1055
  0.4140	 12.8121	  0.1211
  0.4180	 12.9256	  0.1191
  0.4220	 13.0037	  0.1157
  0.4260	 13.3786	  0.1303
  0.4300	 13.3219	  0.1197
  0.4340	 13.5069	  0.1247
  0.4380	 13.7357	  0.1239
  0.4420	 14.1674	  0.1444
  0.4460	 13.9309	  0.1181
  0.4500	 14.0663	  0.1222
  0.4540	 14.2982	  0.1246
  0.4580	 14.7212	  0.1391
  0.4620	 14.9529	  0.1463
  0.4660	 15.1383	  0.1495
  0.4700	 15.2338	  0.1451
  0.4740	 15.7134	  0.1658
  0.4780	 15.5503	  0.1472
  0.4820	 15.6721	  0.1457
  0.4860	 16.0502	  0.1610
  0.4900	 16.1953	  0.1583
  0.4940	 16.2496	  0.1521
  0.4980	 16.5722	  0.1695
  0.5020	 16.5735	  0.1526
  0.5060	 16.8882	  0.1665
  0.5100	 17.0810	  0.1711
  0.5140	 17.2569	  0.1668
  0.5180	 17.2313	  0.1556
  0.5220	 17.3931	  0.1547
  0.5260	 17.8298	  0.1757
  0.5300	 17.8400	  0.1629
  0.5340	 18.4679	  0.2003
  0.5380	 18.3908	  0.1794
  0.5420	 18.4747	  0.1684
  0.5460	 18.7539	  0.1775
  0.5500	 18.6410	  0.1482
  0.5540	 18.6551	  0.1455
  0.5580	 18.5499	  0.1221
  0.5620	 18.7142	  0.1235
  0.5660	 18.6086	  0.1059
  0.5700	 18.6328	  0.1018
  0.5740	 18.6239	  0.0957
  0.5780	 18.6051	  0.0885
  0.5820	 18.6973	  0.0873
  0.5860	 18.7932	  0.0857
  0.5900	 18.6901	  0.0777
  0.5940	 18.9190	  0.0794
  0.5980	 18.9733	  0.0753
  0.6020	 18.9484	  0.0710
  0.6060	 19.2038	  0.0740
  0.6100	 19.2876	  0.0709
  0.6140	 19.4398	  0.0703
  0.6180	 19.5336	  0.0684
  0.6220	 19.7679	  0.0704
  0.6260	 20.0251	  0.0721
  0.6300	 20.2143	  0.0726
  0.6340	 20.2894	  0.0701
  0.6380	 20.5603	  0.0721
  0.6420	 20.7471	  0.0721
  0.6460	 20.9264	  0.0723
  0.6500	 21.1735	  0.0735
  0.6540	 21.5149	  0.0774
  0.6580	 21.7809	  0.0804
  0.6620	 21.9165	  0.0779
  0.6660	 22.1742	  0.0799
  0.6700	 22.3447	  0.0796
  0.6740	 22.6160	  0.0811
  0.6780	 22.9810	  0.0869
  0.6820	 23.0874	  0.0844
  0.6860	 23.4384	  0.0882
  0.6900	 23.6192	  0.0882
  0.6940	 23.9972	  0.0955
  0.6980	 24.2046	  0.0961
  0.7020	 24.4020	  0.0949
  0.7060	 24.5817	  0.0933
  0.7100	 24.9535	  0.1002
  0.7140	 25.1739	  0.1021
  0.7180	 25.3340	  0.1004
  0.7220	 25.4779	  0.0975
  0.7260	 25.8492	  0.1052
  0.7300	 26.1902	  0.1117
  0.7340	 26.3211	  0.1089
  0.7380	 26.6443	  0.1148
  0.7420	 27.0228	  0.1231
  0.7460	 27.4652	  0.1360
  0.7500	 27.8347	  0.1459
  0.7540	 27.7837	  0.1312
  0.7580	 28.1481	  0.1383
  0.7620	 28.6336	  0.1597
  0.7660	 28.7062	  0.1456
  0.7700	 29.1368	  0.1630
  0.7740	 29.4271	  0.1699
  0.7780	 29.4719	  0.1576
  0.7820	 29.9604	  0.1786
  0.7860	 30.0312	  0.1693
  0.7900	 30.4822	  0.1881
  0.7940	 30.7207	  0.1941
  0.7980	 29.5113	  0.0837
