# distance (nm)	f (kT)	df (kT)
  0.0020	  7.0934	  0.4531
  0.0060	  4.1408	  0.1071
  0.0100	  3.1538	  0.0726
  0.0140	  2.5150	  0.0593
  0.0180	  1.9466	  0.0510
  0.0220	  1.5126	  0.0465
  0.0260	  1.1398	  0.0437
  0.0300	  0.7829	  0.0417
  0.0340	  0.6279	  0.0415
  0.0380	  0.4715	  0.0415
  0.0420	  0.3034	  0.0413
  0.0460	  0.1708	  0.0415
  0.0500	  0.1118	  0.0425
  0.0540	  0.0938	  0.0439
  0.0580	  0.0000	  0.0000
  0.0620	  0.0828	  0.0476
  0.0660	  0.2138	  0.0515
  0.0700	  0.2799	  0.0546
  0.0740	  0.3647	  0.0587
  0.0780	  0.4724	  0.0627
  0.0820	  0.8483	  0.0744
  0.0860	  0.7743	  0.0735
  0.0900	  1.1379	  0.0861
  0.0940	  1.4249	  0.0988
  0.0980	  1.6961	  0.1104
  0.1020	  1.9922	  0.1289
  0.1060	  2.1190	  0.1388
  0.1100	  2.3368	  0.1584
  0.1140	  2.3397	  0.1643
  0.1180	  2.1635	  0.1515
  0.1220	  2.8921	  0.2211
  0.1260	  2.8657	  0.2248
  0.1300	  2.8929	  0.2345
  0.1340	  2.7600	  0.2200
  0.1380	  3.1777	  0.2802
  0.1420	  3.6138	  0.3553
  0.1460	  2.9821	  0.2532
  0.1500	  3.4443	  0.3245
  0.1540	  3.2348	  0.3036
  0.1580	  3.1229	  0.2817
  0.1620	  3.4292	  0.3355
  0.1660	  3.7836	  0.4099
  0.1700	  3.5562	  0.3561
  0.1740	  3.0335	  0.2803
  0.1780	  3.3983	  0.3388
  0.1820	  3.7503	  0.4102
  0.1860	  3.4800	  0.3562
  0.1900	  3.2094	  0.3130
  0.1940	  3.2441	  0.3187
  0.1980	  3.3989	  0.3390
  0.2020	  2.8379	  0.2630
  0.2060	  3.3300	  0.3374
  0.2100	  3.1570	  0.3050
  0.2140	  3.3357	  0.3370
  0.2180	  3.3331	  0.3360
  0.2220	  3.0850	  0.2920
  0.2260	  3.1463	  0.3046
  0.2300	  3.2159	  0.3049
  0.2340	  2.9206	  0.2730
  0.2380	  3.0144	  0.2825
  0.2420	  3.3981	  0.3168
  0.2460	  2.5346	  0.2196
  0.2500	  3.3841	  0.3207
  0.2540	  2.5460	  0.2155
  0.2580	  2.5591	  0.2106
  0.2620	  2.2400	  0.1840
  0.2660	  2.6964	  0.2277
  0.2700	  2.5636	  0.2087
  0.2740	  2.3825	  0.1924
  0.2780	  2.4297	  0.1913
  0.2820	  2.3587	  0.1904
  0.2860	  2.3231	  0.1833
  0.2900	  2.0951	  0.1580
  0.2940	  2.0702	  0.1521
  0.2980	  2.3717	  0.1720
  0.3020	  1.8685	  0.1347
  0.3060	  2.1801	  0.1566
  0.3100	  1.7211	  0.1276
  0.3140	  2.0097	  0.1386
  0.3180	  1.8930	  0.1300
  0.3220	  2.1476	  0.1371
  0.3260	  1.9941	  0.1264
  0.3300	  1.9379	  0.1242
  0.3340	  2.0029	  0.1246
  0.3380	  1.8911	  0.1233
  0.3420	  1.7615	  0.1083
  0.3460	  1.7807	  0.1066
  0.3500	  1.9796	  0.1171
  0.3540	  1.9698	  0.1149
  0.3580	  1.9034	  0.1140
  0.3620	  1.9385	  0.1119
  0.3660	  1.8173	  0.1035
  0.3700	  1.8223	  0.1029
  0.3740	  1.9371	  0.1080
  0.3780	  1.9959	  0.1125
  0.3820	  2.1720	  0.1123
  0.3860	  2.1747	  0.1150
  0.3900	  2.2373	  0.1160
  0.3940	  2.3714	  0.1217
  0.3980	  2.3388	  0.1146
  0.4020	  2.3418	  0.1183
  0.4060	  2.2303	  0.1094
  0.4100	  2.2710	  0.1097
  0.4140	  2.6766	  0.1263
  0.4180	  2.5734	  0.1230
  0.4220	  2.4461	  0.1176
  0.4260	  2.7415	  0.1329
  0.4300	  2.7391	  0.1253
  0.4340	  2.9965	  0.1349
  0.4380	  2.8496	  0.1272
  0.4420	  3.1665	  0.1474
  0.4460	  2.7582	  0.1195
  0.4500	  3.0335	  0.1290
  0.4540	  3.0123	  0.1282
  0.4580	  3.1906	  0.1399
  0.4620	  3.2408	  0.1439
  0.4660	  3.5018	  0.1514
  0.4700	  3.3155	  0.1428
  0.4740	  3.6145	  0.1612
  0.4780	  3.6065	  0.1493
  0.4820	  3.6142	  0.1485
  0.4860	  3.9069	  0.1624
  0.4900	  3.7403	  0.1545
  0.4940	  3.8070	  0.1505
  0.4980	  4.0744	  0.1705
  0.5020	  3.7346	  0.1474
  0.5060	  4.1438	  0.1671
  0.5100	  4.2228	  0.1671
  0.5140	  4.0501	  0.1573
  0.5180	  4.0802	  0.1520
  0.5220	  4.1519	  0.1494
  0.5260	  4.1729	  0.1573
  0.5300	  4.0188	  0.1453
  0.5340	  4.3493	  0.1652
  0.5380	  4.2960	  0.1557
  0.5420	  4.1066	  0.1401
  0.5460	  4.0927	  0.1386
  0.5500	  3.9095	  0.1213
  0.5540	  3.8997	  0.1194
  0.5580	  3.6665	  0.1030
  0.5620	  3.7123	  0.1035
  0.5660	  3.4810	  0.0906
  0.5700	  3.5246	  0.0891
  0.5740	  3.5496	  0.0865
  0.5780	  3.4060	  0.0805
  0.5820	  3.6730	  0.0837
  0.5860	  3.7644	  0.0835
  0.5900	  3.6443	  0.0770
  0.5940	  3.7496	  0.0780
  0.5980	  3.6596	  0.0741
  0.6020	  3.7183	  0.0720
  0.6060	  3.9304	  0.0754
  0.6100	  3.9044	  0.0724
  0.6140	  3.9701	  0.0721
  0.6180	  4.0153	  0.0707
  0.6220	  4.2291	  0.0733
  0.6260	  4.3188	  0.0740
  0.6300	  4.5160	  0.0760
  0.6340	  4.5341	  0.0732
  0.6380	  4.6489	  0.0752
  0.6420	  4.7747	  0.0755
  0.6460	  4.9018	  0.0763
  0.6500	  5.0353	  0.0776
  0.6540	  5.0647	  0.0791
  0.6580	  5.3834	  0.0837
  0.6620	  5.3354	  0.0803
  0.6660	  5.5598	  0.0830
  0.6700	  5.6560	  0.0830
  0.6740	  5.7013	  0.0825
  0.6780	  6.0136	  0.0887
  0.6820	  6.0616	  0.0871
  0.6860	  6.3241	  0.0904
  0.6900	  6.3028	  0.0896
  0.6940	  6.5924	  0.0976
  0.6980	  6.7885	  0.0993
  0.7020	  6.8247	  0.0967
  0.7060	  6.8830	  0.0950
  0.7100	  7.0540	  0.0988
  0.7140	  7.2864	  0.1036
  0.7180	  7.4177	  0.1024
  0.7220	  7.4796	  0.1001
  0.7260	  7.7273	  0.1079
  0.7300	  7.9877	  0.1141
  0.7340	  8.0334	  0.1115
  0.7380	  8.1993	  0.1176
  0.7420	  8.5240	  0.1253
  0.7460	  8.8237	  0.1371
  0.7500	  8.9500	  0.1432
  0.7540	  9.1342	  0.1387
  0.7580	  9.1911	  0.1410
  0.7620	  9.6632	  0.1614
  0.7660	  9.4166	  0.1440
  0.7700	  9.8049	  0.1619
  0.7740	  9.9482	  0.1642
  0.7780	  9.9685	  0.1568
  0.7820	 10.4395	  0.1804
  0.7860	 10.3425	  0.1686
  0.7900	 10.6775	  0.1844
  0.7940	 11.1083	  0.1984
  0.7980	  9.0428	  0.0731
