# distance (nm)	f (kT)	df (kT)
  0.0020	 11.2439	  0.4524
  0.0060	  8.1994	  0.1181
  0.0100	  7.1657	  0.0882
  0.0140	  6.4946	  0.0776
  0.0180	  5.8944	  0.0715
  0.0220	  5.4339	  0.0684
  0.0260	  5.0492	  0.0665
  0.0300	  4.6929	  0.0652
  0.0340	  4.5521	  0.0651
  0.0380	  4.4206	  0.0650
  0.0420	  4.2835	  0.0649
  0.0460	  4.1950	  0.0650
  0.0500	  4.2027	  0.0655
  0.0540	  4.2641	  0.0664
  0.0580	  4.2731	  0.0669
  0.0620	  4.4653	  0.0689
  0.0660	  4.7211	  0.0718
  0.0700	  4.8960	  0.0745
  0.0740	  5.1728	  0.0787
  0.0780	  5.3752	  0.0839
  0.0820	  5.8409	  0.0978
  0.0860	  5.7941	  0.1005
  0.0900	  6.1556	  0.1181
  0.0940	  6.4676	  0.1424
  0.0980	  6.4218	  0.1488
  0.1020	  6.7954	  0.1790
  0.1060	  6.7908	  0.1853
  0.1100	  7.0007	  0.2026
  0.1140	  7.0630	  0.2143
  0.1180	  6.6849	  0.1842
  0.1220	  7.4079	  0.2614
  0.1260	  7.3332	  0.2641
  0.1300	  7.7126	  0.3121
  0.1340	  7.1727	  0.2642
  0.1380	  7.7421	  0.3302
  0.1420	  8.4811	  0.4240
  0.1460	  7.1125	  0.2787
  0.1500	  7.8306	  0.3674
  0.1540	  8.0475	  0.3649
  0.1580	  7.8195	  0.3671
  0.1620	  7.5426	  0.3653
  0.1660	  9.0437	  0.4795
  0.1700	  7.7955	  0.4445
  0.1740	  7.3869	  0.3507
  0.1780	  7.4595	  0.3853
  0.1820	  8.3578	  0.5836
  0.1860	  7.3492	  0.4274
  0.1900	  7.2268	  0.3756
  0.1940	  6.9105	  0.3611
  0.1980	  7.0787	  0.4242
  0.2020	  6.8630	  0.3383
  0.2060	  7.2678	  0.4284
  0.2100	  6.3563	  0.3403
  0.2140	  6.7078	  0.4079
  0.2180	  6.9029	  0.4296
  0.2220	  6.2001	  0.3423
  0.2260	  6.2780	  0.3645
  0.2300	  5.9905	  0.3408
  0.2340	  6.0021	  0.3286
  0.2380	  5.6912	  0.3127
  0.2420	  5.7558	  0.3584
  0.2460	  5.0765	  0.2503
  0.2500	  5.8725	  0.3889
  0.2540	  4.8595	  0.2530
  0.2580	  4.5529	  0.2255
  0.2620	  4.2908	  0.2016
  0.2660	  4.6845	  0.2541
  0.2700	  4.4553	  0.2341
  0.2740	  4.4049	  0.2394
  0.2780	  4.0564	  0.2068
  0.2820	  4.1326	  0.2124
  0.2860	  3.9616	  0.2033
  0.2900	  3.4328	  0.1667
  0.2940	  3.2873	  0.1609
  0.2980	  3.4387	  0.1775
  0.3020	  2.8703	  0.1410
  0.3060	  3.2079	  0.1658
  0.3100	  2.7550	  0.1366
  0.3140	  2.7934	  0.1439
  0.3180	  2.5632	  0.1334
  0.3220	  2.5882	  0.1387
  0.3260	  2.3433	  0.1271
  0.3300	  2.3073	  0.1271
  0.3340	  2.2218	  0.1249
  0.3380	  2.2234	  0.1255
  0.3420	  1.8419	  0.1106
  0.3460	  1.7464	  0.1083
  0.3500	  1.9389	  0.1178
  0.3540	  1.8266	  0.1139
  0.3580	  1.8464	  0.1161
  0.3620	  1.7337	  0.1126
  0.3660	  1.4726	  0.1037
  0.3700	  1.4445	  0.1036
  0.3740	  1.5367	  0.1079
  0.3780	  1.5930	  0.1109
  0.3820	  1.5324	  0.1104
  0.3860	  1.5459	  0.1122
  0.3900	  1.5867	  0.1150
  0.3940	  1.6885	  0.1216
  0.3980	  1.4779	  0.1128
  0.4020	  1.5266	  0.1157
  0.4060	  1.3377	  0.1086
  0.4100	  1.3143	  0.1090
  0.4140	  1.5988	  0.1232
  0.4180	  1.5329	  0.1208
  0.4220	  1.4343	  0.1165
  0.4260	  1.6697	  0.1283
  0.4300	  1.4845	  0.1212
  0.4340	  1.5698	  0.1262
  0.4380	  1.5071	  0.1250
  0.4420	  1.8254	  0.1428
  0.4460	  1.3537	  0.1183
  0.4500	  1.4517	  0.1246
  0.4540	  1.4519	  0.1252
  0.4580	  1.6437	  0.1357
  0.4620	  1.7438	  0.1423
  0.4660	  1.7970	  0.1475
  0.4700	  1.6948	  0.1398
  0.4740	  1.9603	  0.1592
  0.4780	  1.7239	  0.1456
  0.4820	  1.6840	  0.1424
  0.4860	  1.9004	  0.1586
  0.4900	  1.8141	  0.1509
  0.4940	  1.7377	  0.1479
  0.4980	  1.9561	  0.1609
  0.5020	  1.7049	  0.1445
  0.5060	  1.9024	  0.1598
  0.5100	  1.9653	  0.1647
  0.5140	  1.8829	  0.1587
  0.5180	  1.7400	  0.1486
  0.5220	  1.7319	  0.1495
  0.5260	  1.9692	  0.1628
  0.5300	  1.8047	  0.1513
  0.5340	  2.2226	  0.1830
  0.5380	  2.0051	  0.1660
  0.5420	  1.8251	  0.1505
  0.5460	  1.9184	  0.1545
  0.5500	  1.5628	  0.1335
  0.5540	  1.5176	  0.1312
  0.5580	  1.1719	  0.1152
  0.5620	  1.1897	  0.1149
  0.5660	  0.8564	  0.1012
  0.5700	  0.7754	  0.0984
  0.5740	  0.6523	  0.0947
  0.5780	  0.4537	  0.0877
  0.5820	  0.4650	  0.0888
  0.5860	  0.4414	  0.0879
  0.5900	  0.2054	  0.0814
  0.5940	  0.2758	  0.0828
  0.5980	  0.1456	  0.0792
  0.6020	  0.0170	  0.0765
  0.6060	  0.1585	  0.0789
  0.6100	  0.0552	  0.0765
  0.6140	  0.0476	  0.0759
  0.6180	  0.0000	  0.0000
  0.6220	  0.1111	  0.0764
  0.6260	  0.1959	  0.0777
  0.6300	  0.2541	  0.0784
  0.6340	  0.1759	  0.0763
  0.6380	  0.2728	  0.0776
  0.6420	  0.3086	  0.0779
  0.6460	  0.3543	  0.0781
  0.6500	  0.4208	  0.0790
  0.6540	  0.5782	  0.0816
  0.6580	  0.7155	  0.0844
  0.6620	  0.6479	  0.0816
  0.6660	  0.7561	  0.0839
  0.6700	  0.7819	  0.0837
  0.6740	  0.8494	  0.0843
  0.6780	  1.0614	  0.0896
  0.6820	  1.0344	  0.0876
  0.6860	  1.1761	  0.0909
  0.6900	  1.2011	  0.0900
  0.6940	  1.4380	  0.0962
  0.6980	  1.5070	  0.0977
  0.7020	  1.4997	  0.0959
  0.7060	  1.5020	  0.0949
  0.7100	  1.6942	  0.0996
  0.7140	  1.8064	  0.1029
  0.7180	  1.8084	  0.1009
  0.7220	  1.7873	  0.0988
  0.7260	  2.0017	  0.1052
  0.7300	  2.1952	  0.1117
  0.7340	  2.1734	  0.1087
  0.7380	  2.3457	  0.1136
  0.7420	  2.5322	  0.1203
  0.7460	  2.8097	  0.1327
  0.7500	  2.9855	  0.1397
  0.7540	  2.8523	  0.1297
  0.7580	  2.9991	  0.1350
  0.7620	  3.3592	  0.1551
  0.7660	  3.1700	  0.1385
  0.7700	  3.4779	  0.1559
  0.7740	  3.6099	  0.1609
  0.7780	  3.5036	  0.1493
  0.7820	  3.8294	  0.1701
  0.7860	  3.7628	  0.1631
  0.7900	  4.0203	  0.1758
  0.7940	  4.1995	  0.1907
  0.7980	  1.9271	  0.0710
