# distance (nm)	f (kT)	df (kT)
  0.0020	  7.2847	  0.4541
  0.0060	  4.3395	  0.1074
  0.0100	  3.3501	  0.0729
  0.0140	  2.7050	  0.0595
  0.0180	  2.1304	  0.0513
  0.0220	  1.6894	  0.0468
  0.0260	  1.3063	  0.0440
  0.0300	  0.9366	  0.0420
  0.0340	  0.7650	  0.0420
  0.0380	  0.5921	  0.0419
  0.0420	  0.4077	  0.0416
  0.0460	  0.2547	  0.0418
  0.0500	  0.1707	  0.0428
  0.0540	  0.1251	  0.0443
  0.0580	  0.0000	  0.0000
  0.0620	  0.0486	  0.0481
  0.0660	  0.1430	  0.0521
  0.0700	  0.1717	  0.0554
  0.0740	  0.2016	  0.0596
  0.0780	  0.2686	  0.0639
  0.0820	  0.5999	  0.0760
  0.0860	  0.4848	  0.0753
  0.0900	  0.7967	  0.0887
  0.0940	  1.0262	  0.1021
  0.0980	  1.3043	  0.1154
  0.1020	  1.5458	  0.1333
  0.1060	  1.6830	  0.1426
  0.1100	  1.9259	  0.1613
  0.1140	  1.9333	  0.1667
  0.1180	  1.7765	  0.1521
  0.1220	  2.4947	  0.2158
  0.1260	  2.5334	  0.2260
  0.1300	  2.4833	  0.2364
  0.1340	  2.4101	  0.2211
  0.1380	  2.8553	  0.2839
  0.1420	  3.2348	  0.3575
  0.1460	  2.6951	  0.2568
  0.1500	  3.0505	  0.3208
  0.1540	  2.8235	  0.3054
  0.1580	  2.6364	  0.2822
  0.1620	  3.1277	  0.3383
  0.1660	  3.2922	  0.4104
  0.1700	  3.1266	  0.3612
  0.1740	  2.5983	  0.2830
  0.1780	  3.0013	  0.3382
  0.1820	  3.2789	  0.4135
  0.1860	  3.1132	  0.3616
  0.1900	  2.7571	  0.3071
  0.1940	  2.9042	  0.3229
  0.1980	  2.9541	  0.3426
  0.2020	  2.3539	  0.2634
  0.2060	  2.8619	  0.3391
  0.2100	  2.8526	  0.3108
  0.2140	  2.9664	  0.3442
  0.2180	  2.8866	  0.3417
  0.2220	  2.7076	  0.2993
  0.2260	  2.7701	  0.3127
  0.2300	  2.8111	  0.2986
  0.2340	  2.5096	  0.2760
  0.2380	  2.7285	  0.2882
  0.2420	  2.9675	  0.3178
  0.2460	  2.2014	  0.2245
  0.2500	  2.9401	  0.3356
  0.2540	  2.1964	  0.2266
  0.2580	  2.3144	  0.2182
  0.2620	  1.9748	  0.1903
  0.2660	  2.3980	  0.2393
  0.2700	  2.2313	  0.2193
  0.2740	  1.9460	  0.2054
  0.2780	  2.1656	  0.2023
  0.2820	  2.0384	  0.1986
  0.2860	  2.0220	  0.1929
  0.2900	  1.8418	  0.1653
  0.2940	  1.8234	  0.1614
  0.2980	  2.1387	  0.1849
  0.3020	  1.6597	  0.1428
  0.3060	  1.8947	  0.1700
  0.3100	  1.4253	  0.1354
  0.3140	  1.7630	  0.1504
  0.3180	  1.6867	  0.1394
  0.3220	  1.9671	  0.1465
  0.3260	  1.8458	  0.1350
  0.3300	  1.6700	  0.1389
  0.3340	  1.8185	  0.1375
  0.3380	  1.6653	  0.1345
  0.3420	  1.5802	  0.1183
  0.3460	  1.6373	  0.1149
  0.3500	  1.7876	  0.1298
  0.3540	  1.8012	  0.1260
  0.3580	  1.6698	  0.1239
  0.3620	  1.7084	  0.1256
  0.3660	  1.6524	  0.1133
  0.3700	  1.6489	  0.1124
  0.3740	  1.7203	  0.1186
  0.3780	  1.8028	  0.1219
  0.3820	  2.0019	  0.1245
  0.3860	  1.9940	  0.1269
  0.3900	  2.0291	  0.1282
  0.3940	  2.1180	  0.1385
  0.3980	  2.1842	  0.1235
  0.4020	  2.1056	  0.1325
  0.4060	  2.0268	  0.1206
  0.4100	  2.0784	  0.1204
  0.4140	  2.5133	  0.1367
  0.4180	  2.3630	  0.1356
  0.4220	  2.2221	  0.1282
  0.4260	  2.5099	  0.1458
  0.4300	  2.5434	  0.1375
  0.4340	  2.8405	  0.1466
  0.4380	  2.6405	  0.1397
  0.4420	  2.8802	  0.1663
  0.4460	  2.5499	  0.1273
  0.4500	  2.7974	  0.1460
  0.4540	  2.7927	  0.1409
  0.4580	  2.9913	  0.1486
  0.4620	  2.9397	  0.1590
  0.4660	  3.2379	  0.1696
  0.4700	  3.0237	  0.1561
  0.4740	  3.3318	  0.1770
  0.4780	  3.3391	  0.1681
  0.4820	  3.3701	  0.1633
  0.4860	  3.6020	  0.1861
  0.4900	  3.4404	  0.1694
  0.4940	  3.5105	  0.1679
  0.4980	  3.7811	  0.1860
  0.5020	  3.4293	  0.1598
  0.5060	  3.8904	  0.1830
  0.5100	  3.8104	  0.1864
  0.5140	  3.6989	  0.1726
  0.5180	  3.7557	  0.1652
  0.5220	  3.7849	  0.1668
  0.5260	  3.7344	  0.1704
  0.5300	  3.6253	  0.1581
  0.5340	  3.8610	  0.1786
  0.5380	  3.8385	  0.1682
  0.5420	  3.6771	  0.1490
  0.5460	  3.6372	  0.1466
  0.5500	  3.4766	  0.1280
  0.5540	  3.4809	  0.1271
  0.5580	  3.2446	  0.1106
  0.5620	  3.3060	  0.1102
  0.5660	  3.0885	  0.0960
  0.5700	  3.1417	  0.0945
  0.5740	  3.1676	  0.0922
  0.5780	  3.0687	  0.0849
  0.5820	  3.3687	  0.0888
  0.5860	  3.4615	  0.0893
  0.5900	  3.3560	  0.0822
  0.5940	  3.4349	  0.0838
  0.5980	  3.3556	  0.0791
  0.6020	  3.4572	  0.0770
  0.6060	  3.6377	  0.0817
  0.6100	  3.6352	  0.0773
  0.6140	  3.7160	  0.0767
  0.6180	  3.7601	  0.0756
  0.6220	  3.9608	  0.0795
  0.6260	  4.0072	  0.0811
  0.6300	  4.2499	  0.0830
  0.6340	  4.2533	  0.0802
  0.6380	  4.3847	  0.0817
  0.6420	  4.5098	  0.0826
  0.6460	  4.6284	  0.0839
  0.6500	  4.7892	  0.0845
  0.6540	  4.7287	  0.0865
  0.6580	  5.0943	  0.0921
  0.6620	  5.0623	  0.0862
  0.6660	  5.2939	  0.0907
  0.6700	  5.3963	  0.0904
  0.6740	  5.4008	  0.0894
  0.6780	  5.7310	  0.0975
  0.6820	  5.7745	  0.0956
  0.6860	  6.0744	  0.0977
  0.6900	  6.0253	  0.0968
  0.6940	  6.2984	  0.1054
  0.6980	  6.5140	  0.1091
  0.7020	  6.5595	  0.1052
  0.7060	  6.6106	  0.1029
  0.7100	  6.7327	  0.1073
  0.7140	  6.9721	  0.1138
  0.7180	  7.1259	  0.1120
  0.7220	  7.2074	  0.1090
  0.7260	  7.4571	  0.1185
  0.7300	  7.6820	  0.1280
  0.7340	  7.7505	  0.1236
  0.7380	  7.8869	  0.1288
  0.7420	  8.2545	  0.1346
  0.7460	  8.5158	  0.1532
  0.7500	  8.6353	  0.1572
  0.7540	  8.9031	  0.1526
  0.7580	  8.8890	  0.1544
  0.7620	  9.3163	  0.1812
  0.7660	  9.1565	  0.1543
  0.7700	  9.4958	  0.1803
  0.7740	  9.5906	  0.1836
  0.7780	  9.6651	  0.1699
  0.7820	 10.1973	  0.1943
  0.7860	 10.0390	  0.1873
  0.7900	 10.3820	  0.2006
  0.7940	 10.7513	  0.2270
  0.7980	  8.7102	  0.0782
