# distance (nm)	f (kT)	df (kT)
  0.0020	  5.0053	  0.0287
  0.0060	  3.0047	  0.0111
  0.0100	  1.9890	  0.0071
  0.0140	  1.3071	  0.0055
  0.0180	  0.8370	  0.0047
  0.0220	  0.4911	  0.0042
  0.0260	  0.2497	  0.0039
  0.0300	  0.0934	  0.0038
  0.0340	  0.0055	  0.0037
  0.0380	  0.0000	  0.0000
  0.0420	  0.0583	  0.0037
  0.0460	  0.1814	  0.0038
  0.0500	  0.3752	  0.0039
  0.0540	  0.6296	  0.0041
  0.0580	  0.9489	  0.0043
  0.0620	  1.3184	  0.0048
  0.0660	  1.7312	  0.0054
  0.0700	  2.1735	  0.0065
  0.0740	  2.5821	  0.0078
  0.0780	  2.9761	  0.0095
  0.0820	  3.3322	  0.0112
  0.0860	  3.6588	  0.0131
  0.0900	  3.9507	  0.0147
  0.0940	  4.2011	  0.0163
  0.0980	  4.4608	  0.0180
  0.1020	  4.7693	  0.0202
  0.1060	  4.9964	  0.0220
  0.1100	  5.2689	  0.0242
  0.1140	  5.4813	  0.0260
  0.1180	  5.6639	  0.0275
  0.1220	  5.8770	  0.0297
  0.1260	  6.1969	  0.0331
  0.1300	  6.2929	  0.0343
  0.1340	  6.5678	  0.0377
  0.1380	  6.7100	  0.0394
  0.1420	  6.8333	  0.0411
  0.1460	  6.9817	  0.0434
  0.1500	  7.1310	  0.0447
  0.1540	  7.2034	  0.0460
  0.1580	  7.3016	  0.0481
  0.1620	  7.4735	  0.0519
  0.1660	  7.4413	  0.0523
  0.1700	  7.5336	  0.0529
  0.1740	  7.5964	  0.0532
  0.1780	  7.5862	  0.0538
  0.1820	  7.6598	  0.0551
  0.1860	  7.4559	  0.0524
  0.1900	  7.4820	  0.0528
  0.1940	  7.4383	  0.0506
  0.1980	  7.3774	  0.0517
  0.2020	  7.3289	  0.0516
  0.2060	  7.2235	  0.0503
  0.2100	  7.1598	  0.0499
  0.2140	  6.9466	  0.0461
  0.2180	  6.8443	  0.0454
  0.2220	  6.7078	  0.0448
  0.2260	  6.6034	  0.0430
  0.2300	  6.5195	  0.0419
  0.2340	  6.3627	  0.0402
  0.2380	  6.1508	  0.0376
  0.2420	  5.9814	  0.0358
  0.2460	  5.8158	  0.0339
  0.2500	  5.6468	  0.0326
  0.2540	  5.5104	  0.0312
  0.2580	  5.3112	  0.0293
  0.2620	  5.1364	  0.0274
  0.2660	  4.9460	  0.0256
  0.2700	  4.8418	  0.0249
  0.2740	  4.6968	  0.0237
  0.2780	  4.5688	  0.0226
  0.2820	  4.3638	  0.0209
  0.2860	  4.2633	  0.0203
  0.2900	  4.0867	  0.0188
  0.2940	  3.9907	  0.0182
  0.2980	  3.8418	  0.0171
  0.3020	  3.7287	  0.0163
  0.3060	  3.6416	  0.0158
  0.3100	  3.5250	  0.0149
  0.3140	  3.4618	  0.0146
  0.3180	  3.3705	  0.0139
  0.3220	  3.3368	  0.0137
  0.3260	  3.2565	  0.0132
  0.3300	  3.1995	  0.0128
  0.3340	  3.1723	  0.0125
  0.3380	  3.1162	  0.0121
  0.3420	  3.1037	  0.0120
  0.3460	  3.1078	  0.0119
  0.3500	  3.0572	  0.0115
  0.3540	  3.0557	  0.0114
  0.3580	  3.0950	  0.0114
  0.3620	  3.1045	  0.0114
  0.3660	  3.0877	  0.0112
  0.3700	  3.0953	  0.0110
  0.3740	  3.1503	  0.0112
  0.3780	  3.2109	  0.0113
  0.3820	  3.2298	  0.0112
  0.3860	  3.2835	  0.0113
  0.3900	  3.3144	  0.0113
  0.3940	  3.3756	  0.0113
  0.3980	  3.4308	  0.0114
  0.4020	  3.4982	  0.0116
  0.4060	  3.5755	  0.0117
  0.4100	  3.6347	  0.0118
  0.4140	  3.7208	  0.0120
  0.4180	  3.8015	  0.0122
  0.4220	  3.8465	  0.0122
  0.4260	  3.9441	  0.0125
  0.4300	  4.0464	  0.0127
  0.4340	  4.1102	  0.0129
  0.4380	  4.1826	  0.0130
  0.4420	  4.3029	  0.0134
  0.4460	  4.3871	  0.0136
  0.4500	  4.4603	  0.0137
  0.4540	  4.5433	  0.0139
  0.4580	  4.6588	  0.0143
  0.4620	  4.7392	  0.0145
  0.4660	  4.8180	  0.0147
  0.4700	  4.9423	  0.0151
  0.4740	  5.0197	  0.0152
  0.4780	  5.0711	  0.0152
  0.4820	  5.1917	  0.0157
  0.4860	  5.2888	  0.0159
  0.4900	  5.3811	  0.0162
  0.4940	  5.4702	  0.0164
  0.4980	  5.5630	  0.0166
  0.5020	  5.6599	  0.0169
  0.5060	  5.7411	  0.0171
  0.5100	  5.8120	  0.0171
  0.5140	  5.9440	  0.0176
  0.5180	  6.0211	  0.0178
  0.5220	  6.1226	  0.0181
  0.5260	  6.1926	  0.0181
  0.5300	  6.2739	  0.0182
  0.5340	  6.3641	  0.0183
  0.5380	  6.4131	  0.0179
  0.5420	  6.4621	  0.0177
  0.5460	  6.4800	  0.0170
  0.5500	  6.5156	  0.0164
  0.5540	  6.4907	  0.0154
  0.5580	  6.4214	  0.0142
  0.5620	  6.3305	  0.0131
  0.5660	  6.2315	  0.0120
  0.5700	  6.1413	  0.0112
  0.5740	  6.0124	  0.0104
  0.5780	  5.9167	  0.0098
  0.5820	  5.8305	  0.0092
  0.5860	  5.7743	  0.0088
  0.5900	  5.7153	  0.0084
  0.5940	  5.6831	  0.0081
  0.5980	  5.6543	  0.0078
  0.6020	  5.6565	  0.0077
  0.6060	  5.6619	  0.0075
  0.6100	  5.6869	  0.0074
  0.6140	  5.7277	  0.0073
  0.6180	  5.7982	  0.0073
  0.6220	  5.8569	  0.0072
  0.6260	  5.9517	  0.0073
  0.6300	  6.0247	  0.0073
  0.6340	  6.1400	  0.0073
  0.6380	  6.2477	  0.0074
  0.6420	  6.3758	  0.0075
  0.6460	  6.5008	  0.0076
  0.6500	  6.6430	  0.0077
  0.6540	  6.7676	  0.0078
  0.6580	  6.9246	  0.0080
  0.6620	  7.0470	  0.0081
  0.6660	  7.1963	  0.0082
  0.6700	  7.3487	  0.0084
  0.6740	  7.5036	  0.0086
  0.6780	  7.6453	  0.0087
  0.6820	  7.8126	  0.0089
  0.6860	  7.9428	  0.0090
  0.6900	  8.1247	  0.0093
  0.6940	  8.2723	  0.0094
  0.6980	  8.4234	  0.0096
  0.7020	  8.5939	  0.0099
  0.7060	  8.7560	  0.0101
  0.7100	  8.8822	  0.0102
  0.7140	  9.0446	  0.0104
  0.7180	  9.2116	  0.0107
  0.7220	  9.3685	  0.0109
  0.7260	  9.5414	  0.0113
  0.7300	  9.7240	  0.0117
  0.7340	  9.8835	  0.0119
  0.7380	 10.0469	  0.0122
  0.7420	 10.2220	  0.0126
  0.7460	 10.4210	  0.0131
  0.7500	 10.6325	  0.0137
  0.7540	 10.8012	  0.0141
  0.7580	 10.9986	  0.0146
  0.7620	 11.2093	  0.0152
  0.7660	 11.3791	  0.0156
  0.7700	 11.5773	  0.0162
  0.7740	 11.8105	  0.0171
  0.7780	 11.9637	  0.0175
  0.7820	 12.1945	  0.0184
  0.7860	 12.3563	  0.0187
  0.7900	 12.5254	  0.0192
  0.7940	 12.7684	  0.0204
  0.7980	 11.1695	  0.0078
