# distance (nm)	f (kT)	df (kT)
  0.0020	  4.5839	  0.0287
  0.0060	  2.6557	  0.0111
  0.0100	  1.7138	  0.0071
  0.0140	  1.1020	  0.0055
  0.0180	  0.6928	  0.0047
  0.0220	  0.3982	  0.0042
  0.0260	  0.1984	  0.0039
  0.0300	  0.0717	  0.0038
  0.0340	  0.0011	  0.0037
  0.0380	  0.0000	  0.0000
  0.0420	  0.0479	  0.0037
  0.0460	  0.1453	  0.0037
  0.0500	  0.2980	  0.0038
  0.0540	  0.4981	  0.0040
  0.0580	  0.7486	  0.0042
  0.0620	  1.0469	  0.0044
  0.0660	  1.3969	  0.0048
  0.0700	  1.7931	  0.0052
  0.0740	  2.2060	  0.0058
  0.0780	  2.6422	  0.0067
  0.0820	  3.0762	  0.0078
  0.0860	  3.5128	  0.0093
  0.0900	  3.9009	  0.0109
  0.0940	  4.2417	  0.0126
  0.0980	  4.5570	  0.0142
  0.1020	  4.8907	  0.0159
  0.1060	  5.1625	  0.0174
  0.1100	  5.4512	  0.0190
  0.1140	  5.6978	  0.0204
  0.1180	  5.9174	  0.0217
  0.1220	  6.1674	  0.0233
  0.1260	  6.4896	  0.0256
  0.1300	  6.6546	  0.0266
  0.1340	  6.9511	  0.0290
  0.1380	  7.1268	  0.0299
  0.1420	  7.3101	  0.0312
  0.1460	  7.5279	  0.0331
  0.1500	  7.7019	  0.0340
  0.1540	  7.8618	  0.0352
  0.1580	  8.0229	  0.0362
  0.1620	  8.2436	  0.0381
  0.1660	  8.3615	  0.0393
  0.1700	  8.4660	  0.0387
  0.1740	  8.6232	  0.0401
  0.1780	  8.7299	  0.0408
  0.1820	  8.8592	  0.0410
  0.1860	  8.8359	  0.0398
  0.1900	  8.9444	  0.0400
  0.1940	  8.9588	  0.0382
  0.1980	  9.0674	  0.0392
  0.2020	  9.1271	  0.0387
  0.2060	  9.1614	  0.0380
  0.2100	  9.2262	  0.0377
  0.2140	  9.1513	  0.0352
  0.2180	  9.1916	  0.0346
  0.2220	  9.2287	  0.0342
  0.2260	  9.2457	  0.0331
  0.2300	  9.2748	  0.0322
  0.2340	  9.2853	  0.0313
  0.2380	  9.2217	  0.0291
  0.2420	  9.2175	  0.0282
  0.2460	  9.2094	  0.0270
  0.2500	  9.2044	  0.0260
  0.2540	  9.2184	  0.0251
  0.2580	  9.1921	  0.0239
  0.2620	  9.1513	  0.0224
  0.2660	  9.1209	  0.0211
  0.2700	  9.1601	  0.0206
  0.2740	  9.1610	  0.0197
  0.2780	  9.1736	  0.0188
  0.2820	  9.1324	  0.0177
  0.2860	  9.1760	  0.0172
  0.2900	  9.1520	  0.0162
  0.2940	  9.1871	  0.0156
  0.2980	  9.1824	  0.0148
  0.3020	  9.2043	  0.0142
  0.3060	  9.2542	  0.0138
  0.3100	  9.2689	  0.0132
  0.3140	  9.3340	  0.0128
  0.3180	  9.3689	  0.0124
  0.3220	  9.4572	  0.0122
  0.3260	  9.4999	  0.0118
  0.3300	  9.5632	  0.0114
  0.3340	  9.6430	  0.0112
  0.3380	  9.7146	  0.0110
  0.3420	  9.8118	  0.0108
  0.3460	  9.9229	  0.0108
  0.3500	  9.9910	  0.0105
  0.3540	 10.0969	  0.0104
  0.3580	 10.2275	  0.0104
  0.3620	 10.3470	  0.0104
  0.3660	 10.4406	  0.0102
  0.3700	 10.5483	  0.0101
  0.3740	 10.6987	  0.0102
  0.3780	 10.8522	  0.0103
  0.3820	 10.9686	  0.0102
  0.3860	 11.1171	  0.0103
  0.3900	 11.2499	  0.0103
  0.3940	 11.4013	  0.0104
  0.3980	 11.5430	  0.0105
  0.4020	 11.7069	  0.0106
  0.4060	 11.8753	  0.0108
  0.4100	 12.0274	  0.0108
  0.4140	 12.1997	  0.0110
  0.4180	 12.3684	  0.0112
  0.4220	 12.5123	  0.0112
  0.4260	 12.6882	  0.0114
  0.4300	 12.8686	  0.0116
  0.4340	 13.0350	  0.0118
  0.4380	 13.1977	  0.0119
  0.4420	 13.3944	  0.0122
  0.4460	 13.5737	  0.0124
  0.4500	 13.7288	  0.0125
  0.4540	 13.9088	  0.0127
  0.4580	 14.1101	  0.0130
  0.4620	 14.2759	  0.0131
  0.4660	 14.4482	  0.0133
  0.4700	 14.6533	  0.0137
  0.4740	 14.8175	  0.0138
  0.4780	 14.9620	  0.0137
  0.4820	 15.1693	  0.0141
  0.4860	 15.3525	  0.0143
  0.4900	 15.5352	  0.0145
  0.4940	 15.7113	  0.0147
  0.4980	 15.8932	  0.0149
  0.5020	 16.0846	  0.0152
  0.5060	 16.2467	  0.0152
  0.5100	 16.4142	  0.0153
  0.5140	 16.6207	  0.0156
  0.5180	 16.7994	  0.0158
  0.5220	 16.9813	  0.0159
  0.5260	 17.1305	  0.0158
  0.5300	 17.2941	  0.0157
  0.5340	 17.4173	  0.0153
  0.5380	 17.5166	  0.0148
  0.5420	 17.6115	  0.0142
  0.5460	 17.6629	  0.0134
  0.5500	 17.7318	  0.0128
  0.5540	 17.7542	  0.0120
  0.5580	 17.7563	  0.0112
  0.5620	 17.7655	  0.0105
  0.5660	 17.7604	  0.0098
  0.5700	 17.7985	  0.0093
  0.5740	 17.8101	  0.0088
  0.5780	 17.8420	  0.0083
  0.5820	 17.8968	  0.0080
  0.5860	 17.9645	  0.0077
  0.5900	 18.0412	  0.0074
  0.5940	 18.1347	  0.0072
  0.5980	 18.2364	  0.0070
  0.6020	 18.3645	  0.0069
  0.6060	 18.4935	  0.0068
  0.6100	 18.6388	  0.0067
  0.6140	 18.7933	  0.0067
  0.6180	 18.9724	  0.0067
  0.6220	 19.1466	  0.0067
  0.6260	 19.3450	  0.0067
  0.6300	 19.5284	  0.0067
  0.6340	 19.7440	  0.0068
  0.6380	 19.9518	  0.0068
  0.6420	 20.1800	  0.0069
  0.6460	 20.3983	  0.0070
  0.6500	 20.6351	  0.0071
  0.6540	 20.8593	  0.0072
  0.6580	 21.1104	  0.0074
  0.6620	 21.3230	  0.0074
  0.6660	 21.5683	  0.0076
  0.6700	 21.8052	  0.0077
  0.6740	 22.0575	  0.0079
  0.6780	 22.2829	  0.0079
  0.6820	 22.5390	  0.0081
  0.6860	 22.7605	  0.0082
  0.6900	 23.0361	  0.0085
  0.6940	 23.2652	  0.0086
  0.6980	 23.5164	  0.0088
  0.7020	 23.7700	  0.0089
  0.7060	 24.0234	  0.0091
  0.7100	 24.2564	  0.0093
  0.7140	 24.5130	  0.0095
  0.7180	 24.7788	  0.0097
  0.7220	 25.0259	  0.0099
  0.7260	 25.3037	  0.0102
  0.7300	 25.5814	  0.0105
  0.7340	 25.8376	  0.0108
  0.7380	 26.0986	  0.0110
  0.7420	 26.3757	  0.0114
  0.7460	 26.6581	  0.0118
  0.7500	 26.9636	  0.0123
  0.7540	 27.2301	  0.0126
  0.7580	 27.5269	  0.0131
  0.7620	 27.8190	  0.0136
  0.7660	 28.0827	  0.0140
  0.7700	 28.3671	  0.0144
  0.7740	 28.6831	  0.0151
  0.7780	 28.9437	  0.0155
  0.7820	 29.2599	  0.0162
  0.7860	 29.5165	  0.0166
  0.7900	 29.7877	  0.0171
  0.7940	 30.1064	  0.0179
  0.7980	 28.9586	  0.0081
