# distance (nm)	f (kT)	df (kT)
  0.0020	  5.1065	  0.0946
  0.0060	  2.9797	  0.0341
  0.0100	  2.0385	  0.0226
  0.0140	  1.3679	  0.0173
  0.0180	  0.9016	  0.0147
  0.0220	  0.5717	  0.0133
  0.0260	  0.3142	  0.0124
  0.0300	  0.1452	  0.0119
  0.0340	  0.0295	  0.0116
  0.0380	  0.0000	  0.0000
  0.0420	  0.0189	  0.0116
  0.0460	  0.0810	  0.0117
  0.0500	  0.2116	  0.0121
  0.0540	  0.3832	  0.0125
  0.0580	  0.6439	  0.0133
  0.0620	  0.9310	  0.0142
  0.0660	  1.2659	  0.0155
  0.0700	  1.6642	  0.0173
  0.0740	  2.0294	  0.0196
  0.0780	  2.4252	  0.0233
  0.0820	  2.8405	  0.0279
  0.0860	  3.2107	  0.0334
  0.0900	  3.4848	  0.0380
  0.0940	  3.7745	  0.0432
  0.0980	  3.9842	  0.0473
  0.1020	  4.3134	  0.0546
  0.1060	  4.5541	  0.0602
  0.1100	  4.7673	  0.0635
  0.1140	  4.9307	  0.0675
  0.1180	  5.0820	  0.0705
  0.1220	  5.3389	  0.0799
  0.1260	  5.6017	  0.0856
  0.1300	  5.8117	  0.0914
  0.1340	  6.2368	  0.1105
  0.1380	  6.0527	  0.0983
  0.1420	  6.3037	  0.1068
  0.1460	  6.3058	  0.1057
  0.1500	  6.7322	  0.1259
  0.1540	  6.6206	  0.1172
  0.1580	  6.5982	  0.1140
  0.1620	  7.2326	  0.1453
  0.1660	  7.2613	  0.1500
  0.1700	  7.0813	  0.1372
  0.1740	  6.9326	  0.1278
  0.1780	  7.2273	  0.1427
  0.1820	  7.3478	  0.1456
  0.1860	  7.3088	  0.1459
  0.1900	  7.0202	  0.1278
  0.1940	  7.0308	  0.1249
  0.1980	  7.0259	  0.1273
  0.2020	  7.3649	  0.1426
  0.2060	  7.2810	  0.1392
  0.2100	  7.0067	  0.1265
  0.2140	  6.8737	  0.1165
  0.2180	  7.0639	  0.1249
  0.2220	  6.7445	  0.1065
  0.2260	  6.8452	  0.1143
  0.2300	  6.6316	  0.1038
  0.2340	  6.8788	  0.1121
  0.2380	  6.5238	  0.0964
  0.2420	  6.4900	  0.0980
  0.2460	  6.4010	  0.0922
  0.2500	  6.2730	  0.0877
  0.2540	  6.3525	  0.0895
  0.2580	  6.1346	  0.0803
  0.2620	  5.9676	  0.0735
  0.2660	  5.8255	  0.0685
  0.2700	  5.9677	  0.0721
  0.2740	  5.7753	  0.0655
  0.2780	  5.7428	  0.0634
  0.2820	  5.6250	  0.0596
  0.2860	  5.5657	  0.0571
  0.2900	  5.3961	  0.0523
  0.2940	  5.3701	  0.0510
  0.2980	  5.3623	  0.0496
  0.3020	  5.2569	  0.0465
  0.3060	  5.2345	  0.0452
  0.3100	  5.2043	  0.0433
  0.3140	  5.1266	  0.0410
  0.3180	  5.1485	  0.0404
  0.3220	  5.1275	  0.0393
  0.3260	  5.1010	  0.0380
  0.3300	  5.0794	  0.0367
  0.3340	  5.0945	  0.0359
  0.3380	  5.2028	  0.0369
  0.3420	  5.1346	  0.0348
  0.3460	  5.1498	  0.0342
  0.3500	  5.2314	  0.0345
  0.3540	  5.1943	  0.0331
  0.3580	  5.3442	  0.0342
  0.3620	  5.2611	  0.0323
  0.3660	  5.3375	  0.0325
  0.3700	  5.3996	  0.0325
  0.3740	  5.4846	  0.0326
  0.3780	  5.6011	  0.0335
  0.3820	  5.6533	  0.0332
  0.3860	  5.7961	  0.0344
  0.3900	  5.8635	  0.0344
  0.3940	  5.8772	  0.0335
  0.3980	  5.9621	  0.0337
  0.4020	  6.0529	  0.0340
  0.4060	  6.1902	  0.0349
  0.4100	  6.2336	  0.0345
  0.4140	  6.3540	  0.0352
  0.4180	  6.4974	  0.0364
  0.4220	  6.5418	  0.0359
  0.4260	  6.6948	  0.0371
  0.4300	  6.7960	  0.0374
  0.4340	  6.9133	  0.0383
  0.4380	  7.0308	  0.0390
  0.4420	  7.1184	  0.0391
  0.4460	  7.2798	  0.0404
  0.4500	  7.3010	  0.0395
  0.4540	  7.4800	  0.0415
  0.4580	  7.5554	  0.0413
  0.4620	  7.7064	  0.0424
  0.4660	  7.8180	  0.0431
  0.4700	  8.0117	  0.0453
  0.4740	  8.0637	  0.0443
  0.4780	  8.1212	  0.0440
  0.4820	  8.2699	  0.0453
  0.4860	  8.4557	  0.0472
  0.4900	  8.5012	  0.0462
  0.4940	  8.5919	  0.0465
  0.4980	  8.7893	  0.0486
  0.5020	  8.8780	  0.0487
  0.5060	  9.0142	  0.0498
  0.5100	  9.0610	  0.0486
  0.5140	  9.3074	  0.0518
  0.5180	  9.3653	  0.0510
  0.5220	  9.5021	  0.0523
  0.5260	  9.6185	  0.0531
  0.5300	  9.6772	  0.0517
  0.5340	  9.7710	  0.0513
  0.5380	  9.7667	  0.0483
  0.5420	  9.9228	  0.0490
  0.5460	 10.0445	  0.0480
  0.5500	  9.8797	  0.0423
  0.5540	  9.9604	  0.0417
  0.5580	  9.8277	  0.0376
  0.5620	  9.7699	  0.0352
  0.5660	  9.6564	  0.0320
  0.5700	  9.6146	  0.0304
  0.5740	  9.5730	  0.0289
  0.5780	  9.5402	  0.0273
  0.5820	  9.5152	  0.0261
  0.5860	  9.5091	  0.0250
  0.5900	  9.5465	  0.0245
  0.5940	  9.5599	  0.0237
  0.5980	  9.5677	  0.0228
  0.6020	  9.6064	  0.0223
  0.6060	  9.6722	  0.0220
  0.6100	  9.7342	  0.0217
  0.6140	  9.8426	  0.0216
  0.6180	  9.9356	  0.0214
  0.6220	 10.0426	  0.0215
  0.6260	 10.1968	  0.0217
  0.6300	 10.2949	  0.0216
  0.6340	 10.4643	  0.0219
  0.6380	 10.5994	  0.0220
  0.6420	 10.7423	  0.0222
  0.6460	 10.9044	  0.0225
  0.6500	 11.0842	  0.0229
  0.6540	 11.2325	  0.0231
  0.6580	 11.4358	  0.0238
  0.6620	 11.5555	  0.0237
  0.6660	 11.7441	  0.0243
  0.6700	 11.9538	  0.0249
  0.6740	 12.1623	  0.0257
  0.6780	 12.3126	  0.0259
  0.6820	 12.4968	  0.0265
  0.6860	 12.6817	  0.0269
  0.6900	 12.8329	  0.0272
  0.6940	 13.0079	  0.0275
  0.6980	 13.2005	  0.0282
  0.7020	 13.3681	  0.0285
  0.7060	 13.5682	  0.0292
  0.7100	 13.7911	  0.0302
  0.7140	 13.9135	  0.0302
  0.7180	 14.1883	  0.0320
  0.7220	 14.3295	  0.0320
  0.7260	 14.5522	  0.0331
  0.7300	 14.8018	  0.0347
  0.7340	 14.9653	  0.0351
  0.7380	 15.1456	  0.0357
  0.7420	 15.3629	  0.0371
  0.7460	 15.5908	  0.0383
  0.7500	 15.8802	  0.0409
  0.7540	 16.0028	  0.0405
  0.7580	 16.2035	  0.0415
  0.7620	 16.5261	  0.0449
  0.7660	 16.6749	  0.0449
  0.7700	 16.9112	  0.0468
  0.7740	 17.1326	  0.0482
  0.7780	 17.3105	  0.0493
  0.7820	 17.6415	  0.0533
  0.7860	 17.8771	  0.0557
  0.7900	 18.0944	  0.0572
  0.7940	 18.1639	  0.0558
  0.7980	 16.8377	  0.0240
