# distance (nm)	f (kT)	df (kT)
  0.0020	 17.6730	  0.0968
  0.0060	 15.4255	  0.0382
  0.0100	 14.3386	  0.0280
  0.0140	 13.5060	  0.0239
  0.0180	 12.8603	  0.0221
  0.0220	 12.3407	  0.0211
  0.0260	 11.8794	  0.0205
  0.0300	 11.4888	  0.0202
  0.0340	 11.1356	  0.0200
  0.0380	 10.8488	  0.0200
  0.0420	 10.5899	  0.0200
  0.0460	 10.3567	  0.0201
  0.0500	 10.1574	  0.0202
  0.0540	  9.9837	  0.0205
  0.0580	  9.8694	  0.0209
  0.0620	  9.7624	  0.0214
  0.0660	  9.7049	  0.0221
  0.0700	  9.6584	  0.0231
  0.0740	  9.6180	  0.0241
  0.0780	  9.6453	  0.0255
  0.0820	  9.6915	  0.0274
  0.0860	  9.7496	  0.0295
  0.0900	  9.8420	  0.0321
  0.0940	  9.9374	  0.0351
  0.0980	 10.0011	  0.0379
  0.1020	 10.1816	  0.0429
  0.1060	 10.2345	  0.0462
  0.1100	 10.3348	  0.0504
  0.1140	 10.3742	  0.0540
  0.1180	 10.4122	  0.0576
  0.1220	 10.4958	  0.0637
  0.1260	 10.4579	  0.0672
  0.1300	 10.5547	  0.0740
  0.1340	 10.6322	  0.0831
  0.1380	 10.4117	  0.0786
  0.1420	 10.4292	  0.0841
  0.1460	 10.2723	  0.0832
  0.1500	 10.4003	  0.0948
  0.1540	 10.2823	  0.0938
  0.1580	  9.9973	  0.0875
  0.1620	 10.3962	  0.1121
  0.1660	 10.0600	  0.1025
  0.1700	 10.0132	  0.1042
  0.1740	  9.8418	  0.0998
  0.1780	  9.9001	  0.1098
  0.1820	  9.8011	  0.1102
  0.1860	  9.6761	  0.1099
  0.1900	  9.5012	  0.1032
  0.1940	  9.3805	  0.1027
  0.1980	  9.2825	  0.1030
  0.2020	  9.2906	  0.1104
  0.2060	  9.0604	  0.1045
  0.2100	  8.9901	  0.1033
  0.2140	  8.6502	  0.0924
  0.2180	  8.7349	  0.1004
  0.2220	  8.3885	  0.0888
  0.2260	  8.3744	  0.0927
  0.2300	  8.2357	  0.0888
  0.2340	  8.0809	  0.0887
  0.2380	  7.8601	  0.0812
  0.2420	  7.7954	  0.0825
  0.2460	  7.5512	  0.0771
  0.2500	  7.4281	  0.0752
  0.2540	  7.4317	  0.0782
  0.2580	  7.2982	  0.0739
  0.2620	  6.9977	  0.0675
  0.2660	  6.8473	  0.0644
  0.2700	  6.8173	  0.0668
  0.2740	  6.5847	  0.0621
  0.2780	  6.5103	  0.0613
  0.2820	  6.4275	  0.0596
  0.2860	  6.2222	  0.0571
  0.2900	  6.0224	  0.0537
  0.2940	  5.9950	  0.0536
  0.2980	  5.8543	  0.0523
  0.3020	  5.7170	  0.0502
  0.3060	  5.6216	  0.0495
  0.3100	  5.4089	  0.0475
  0.3140	  5.2287	  0.0457
  0.3180	  5.1913	  0.0455
  0.3220	  5.1101	  0.0451
  0.3260	  5.0346	  0.0442
  0.3300	  4.8808	  0.0432
  0.3340	  4.7771	  0.0422
  0.3380	  4.8015	  0.0439
  0.3420	  4.6450	  0.0418
  0.3460	  4.5128	  0.0412
  0.3500	  4.5112	  0.0418
  0.3540	  4.3571	  0.0405
  0.3580	  4.3436	  0.0413
  0.3620	  4.1937	  0.0401
  0.3660	  4.1422	  0.0403
  0.3700	  4.1287	  0.0408
  0.3740	  4.0079	  0.0405
  0.3780	  3.9984	  0.0416
  0.3820	  3.9161	  0.0411
  0.3860	  3.9502	  0.0430
  0.3900	  3.8467	  0.0428
  0.3940	  3.7713	  0.0416
  0.3980	  3.7122	  0.0416
  0.4020	  3.6620	  0.0424
  0.4060	  3.5801	  0.0429
  0.4100	  3.5416	  0.0425
  0.4140	  3.5225	  0.0432
  0.4180	  3.5133	  0.0446
  0.4220	  3.4584	  0.0442
  0.4260	  3.4143	  0.0452
  0.4300	  3.3370	  0.0452
  0.4340	  3.3819	  0.0467
  0.4380	  3.3639	  0.0476
  0.4420	  3.3022	  0.0473
  0.4460	  3.2188	  0.0481
  0.4500	  3.1855	  0.0476
  0.4540	  3.2598	  0.0501
  0.4580	  3.1654	  0.0496
  0.4620	  3.1388	  0.0501
  0.4660	  3.1566	  0.0516
  0.4700	  3.1850	  0.0535
  0.4740	  2.9913	  0.0517
  0.4780	  3.0182	  0.0523
  0.4820	  3.0293	  0.0538
  0.4860	  2.9791	  0.0550
  0.4900	  2.8947	  0.0540
  0.4940	  2.8908	  0.0544
  0.4980	  2.8593	  0.0560
  0.5020	  2.7796	  0.0562
  0.5060	  2.8466	  0.0580
  0.5100	  2.6705	  0.0558
  0.5140	  2.6876	  0.0580
  0.5180	  2.4657	  0.0561
  0.5220	  2.4791	  0.0575
  0.5260	  2.3514	  0.0568
  0.5300	  2.1374	  0.0534
  0.5340	  2.0806	  0.0526
  0.5380	  1.8483	  0.0482
  0.5420	  1.7270	  0.0470
  0.5460	  1.5797	  0.0446
  0.5500	  1.3271	  0.0403
  0.5540	  1.2915	  0.0399
  0.5580	  1.0926	  0.0369
  0.5620	  0.9755	  0.0352
  0.5660	  0.8067	  0.0328
  0.5700	  0.6620	  0.0315
  0.5740	  0.6702	  0.0312
  0.5780	  0.5223	  0.0297
  0.5820	  0.4572	  0.0290
  0.5860	  0.3886	  0.0282
  0.5900	  0.3531	  0.0280
  0.5940	  0.3041	  0.0275
  0.5980	  0.2393	  0.0268
  0.6020	  0.2284	  0.0265
  0.6060	  0.2088	  0.0264
  0.6100	  0.2016	  0.0262
  0.6140	  0.1895	  0.0262
  0.6180	  0.1500	  0.0260
  0.6220	  0.1948	  0.0263
  0.6260	  0.2049	  0.0265
  0.6300	  0.2209	  0.0265
  0.6340	  0.2318	  0.0268
  0.6380	  0.2269	  0.0270
  0.6420	  0.2795	  0.0272
  0.6460	  0.3062	  0.0275
  0.6500	  0.3344	  0.0279
  0.6540	  0.3150	  0.0281
  0.6580	  0.4271	  0.0290
  0.6620	  0.3889	  0.0286
  0.6660	  0.4633	  0.0294
  0.6700	  0.4928	  0.0300
  0.6740	  0.5950	  0.0309
  0.6780	  0.5643	  0.0307
  0.6820	  0.6791	  0.0317
  0.6860	  0.6820	  0.0319
  0.6900	  0.7180	  0.0323
  0.6940	  0.7608	  0.0322
  0.6980	  0.8366	  0.0334
  0.7020	  0.8432	  0.0336
  0.7060	  0.9290	  0.0343
  0.7100	  1.0134	  0.0352
  0.7140	  1.0190	  0.0354
  0.7180	  1.1504	  0.0376
  0.7220	  1.1708	  0.0376
  0.7260	  1.2414	  0.0387
  0.7300	  1.3913	  0.0407
  0.7340	  1.3992	  0.0412
  0.7380	  1.4555	  0.0421
  0.7420	  1.6055	  0.0439
  0.7460	  1.6500	  0.0450
  0.7500	  1.7497	  0.0476
  0.7540	  1.8312	  0.0476
  0.7580	  1.8799	  0.0484
  0.7620	  1.9975	  0.0517
  0.7660	  2.0493	  0.0517
  0.7700	  2.1872	  0.0545
  0.7740	  2.1801	  0.0550
  0.7780	  2.2201	  0.0566
  0.7820	  2.4429	  0.0606
  0.7860	  2.5292	  0.0633
  0.7900	  2.5869	  0.0642
  0.7940	  2.6243	  0.0646
  0.7980	  0.0000	  0.0000
