# distance (nm)	f (kT)	df (kT)
  0.0020	  5.5631	  0.0947
  0.0060	  3.4064	  0.0342
  0.0100	  2.4296	  0.0227
  0.0140	  1.7200	  0.0175
  0.0180	  1.2111	  0.0149
  0.0220	  0.8364	  0.0135
  0.0260	  0.5309	  0.0126
  0.0300	  0.3101	  0.0121
  0.0340	  0.1395	  0.0118
  0.0380	  0.0505	  0.0117
  0.0420	  0.0055	  0.0118
  0.0460	  0.0000	  0.0000
  0.0500	  0.0559	  0.0122
  0.0540	  0.1499	  0.0126
  0.0580	  0.3269	  0.0133
  0.0620	  0.5283	  0.0141
  0.0660	  0.7815	  0.0152
  0.0700	  1.0900	  0.0167
  0.0740	  1.3806	  0.0185
  0.0780	  1.7237	  0.0212
  0.0820	  2.0872	  0.0250
  0.0860	  2.4232	  0.0297
  0.0900	  2.6769	  0.0344
  0.0940	  2.9334	  0.0395
  0.0980	  3.1124	  0.0437
  0.1020	  3.4054	  0.0509
  0.1060	  3.6012	  0.0562
  0.1100	  3.7427	  0.0591
  0.1140	  3.8641	  0.0631
  0.1180	  3.9625	  0.0657
  0.1220	  4.1916	  0.0748
  0.1260	  4.3766	  0.0795
  0.1300	  4.5337	  0.0851
  0.1340	  4.9001	  0.1006
  0.1380	  4.6798	  0.0906
  0.1420	  4.8824	  0.0989
  0.1460	  4.8516	  0.0979
  0.1500	  5.2185	  0.1162
  0.1540	  5.0785	  0.1094
  0.1580	  5.0111	  0.1050
  0.1620	  5.5667	  0.1318
  0.1660	  5.5547	  0.1323
  0.1700	  5.3861	  0.1269
  0.1740	  5.2121	  0.1180
  0.1780	  5.4518	  0.1304
  0.1820	  5.5210	  0.1326
  0.1860	  5.4742	  0.1339
  0.1900	  5.1810	  0.1189
  0.1940	  5.1526	  0.1165
  0.1980	  5.1365	  0.1182
  0.2020	  5.3995	  0.1295
  0.2060	  5.3085	  0.1271
  0.2100	  5.0512	  0.1173
  0.2140	  4.8761	  0.1069
  0.2180	  5.0336	  0.1153
  0.2220	  4.7044	  0.0997
  0.2260	  4.7911	  0.1064
  0.2300	  4.5751	  0.0977
  0.2340	  4.7520	  0.1026
  0.2380	  4.4055	  0.0893
  0.2420	  4.3819	  0.0913
  0.2460	  4.2615	  0.0857
  0.2500	  4.1328	  0.0819
  0.2540	  4.1857	  0.0841
  0.2580	  3.9598	  0.0763
  0.2620	  3.7721	  0.0693
  0.2660	  3.6183	  0.0647
  0.2700	  3.7293	  0.0680
  0.2740	  3.5316	  0.0621
  0.2780	  3.4748	  0.0605
  0.2820	  3.3500	  0.0571
  0.2860	  3.2680	  0.0543
  0.2900	  3.0911	  0.0501
  0.2940	  3.0524	  0.0490
  0.2980	  3.0127	  0.0477
  0.3020	  2.8931	  0.0449
  0.3060	  2.8535	  0.0437
  0.3100	  2.7875	  0.0418
  0.3140	  2.6912	  0.0396
  0.3180	  2.6868	  0.0392
  0.3220	  2.6490	  0.0383
  0.3260	  2.6021	  0.0371
  0.3300	  2.5561	  0.0358
  0.3340	  2.5355	  0.0350
  0.3380	  2.6233	  0.0360
  0.3420	  2.5260	  0.0341
  0.3460	  2.5121	  0.0334
  0.3500	  2.5685	  0.0338
  0.3540	  2.5040	  0.0324
  0.3580	  2.6102	  0.0335
  0.3620	  2.5162	  0.0317
  0.3660	  2.5594	  0.0318
  0.3700	  2.5995	  0.0320
  0.3740	  2.6401	  0.0320
  0.3780	  2.7295	  0.0328
  0.3820	  2.7453	  0.0325
  0.3860	  2.8607	  0.0338
  0.3900	  2.8936	  0.0337
  0.3940	  2.8741	  0.0329
  0.3980	  2.9233	  0.0330
  0.4020	  2.9843	  0.0334
  0.4060	  3.0792	  0.0342
  0.4100	  3.0925	  0.0338
  0.4140	  3.1769	  0.0345
  0.4180	  3.2865	  0.0357
  0.4220	  3.3039	  0.0352
  0.4260	  3.4121	  0.0364
  0.4300	  3.4742	  0.0366
  0.4340	  3.5698	  0.0375
  0.4380	  3.6564	  0.0382
  0.4420	  3.7028	  0.0384
  0.4460	  3.8182	  0.0394
  0.4500	  3.8169	  0.0386
  0.4540	  3.9683	  0.0405
  0.4580	  4.0052	  0.0404
  0.4620	  4.1092	  0.0413
  0.4660	  4.1990	  0.0422
  0.4700	  4.3511	  0.0441
  0.4740	  4.3590	  0.0431
  0.4780	  4.3965	  0.0430
  0.4820	  4.5141	  0.0443
  0.4860	  4.6532	  0.0460
  0.4900	  4.6665	  0.0450
  0.4940	  4.7284	  0.0453
  0.4980	  4.8813	  0.0471
  0.5020	  4.9435	  0.0473
  0.5060	  5.0469	  0.0485
  0.5100	  5.0550	  0.0472
  0.5140	  5.2503	  0.0501
  0.5180	  5.2770	  0.0493
  0.5220	  5.3866	  0.0505
  0.5260	  5.4789	  0.0510
  0.5300	  5.4866	  0.0493
  0.5340	  5.5320	  0.0488
  0.5380	  5.4720	  0.0457
  0.5420	  5.5708	  0.0457
  0.5460	  5.6056	  0.0443
  0.5500	  5.4077	  0.0396
  0.5540	  5.4440	  0.0389
  0.5580	  5.2833	  0.0354
  0.5620	  5.2016	  0.0333
  0.5660	  5.0520	  0.0304
  0.5700	  4.9945	  0.0289
  0.5740	  4.9482	  0.0277
  0.5780	  4.8837	  0.0262
  0.5820	  4.8435	  0.0251
  0.5860	  4.8133	  0.0242
  0.5900	  4.8349	  0.0238
  0.5940	  4.8279	  0.0230
  0.5980	  4.8082	  0.0223
  0.6020	  4.8288	  0.0218
  0.6060	  4.8730	  0.0216
  0.6100	  4.9138	  0.0213
  0.6140	  4.9905	  0.0212
  0.6180	  5.0515	  0.0211
  0.6220	  5.1432	  0.0211
  0.6260	  5.2622	  0.0214
  0.6300	  5.3345	  0.0213
  0.6340	  5.4684	  0.0216
  0.6380	  5.5742	  0.0217
  0.6420	  5.6853	  0.0219
  0.6460	  5.8161	  0.0221
  0.6500	  5.9589	  0.0225
  0.6540	  6.0783	  0.0227
  0.6580	  6.2509	  0.0234
  0.6620	  6.3338	  0.0233
  0.6660	  6.4935	  0.0238
  0.6700	  6.6646	  0.0244
  0.6740	  6.8418	  0.0252
  0.6780	  6.9499	  0.0253
  0.6820	  7.1105	  0.0259
  0.6860	  7.2532	  0.0263
  0.6900	  7.3779	  0.0266
  0.6940	  7.5076	  0.0269
  0.6980	  7.6780	  0.0276
  0.7020	  7.8074	  0.0279
  0.7060	  7.9749	  0.0286
  0.7100	  8.1586	  0.0295
  0.7140	  8.2567	  0.0295
  0.7180	  8.5037	  0.0313
  0.7220	  8.6110	  0.0313
  0.7260	  8.7982	  0.0323
  0.7300	  9.0187	  0.0339
  0.7340	  9.1504	  0.0343
  0.7380	  9.3043	  0.0349
  0.7420	  9.4950	  0.0362
  0.7460	  9.6809	  0.0375
  0.7500	  9.9339	  0.0399
  0.7540	 10.0298	  0.0396
  0.7580	 10.1938	  0.0404
  0.7620	 10.4777	  0.0436
  0.7660	 10.5917	  0.0436
  0.7700	 10.8040	  0.0455
  0.7740	 10.9787	  0.0468
  0.7780	 11.1379	  0.0478
  0.7820	 11.4226	  0.0516
  0.7860	 11.6271	  0.0538
  0.7900	 11.8021	  0.0551
  0.7940	 11.8676	  0.0542
  0.7980	 10.3243	  0.0222
