# distance (nm)	f (kT)	df (kT)
  0.0020	  4.8132	  0.0104
  0.0060	  2.9078	  0.0043
  0.0100	  1.9732	  0.0029
  0.0140	  1.4013	  0.0025
  0.0180	  1.0188	  0.0022
  0.0220	  0.7715	  0.0021
  0.0260	  0.6238	  0.0020
  0.0300	  0.5595	  0.0020
  0.0340	  0.5698	  0.0020
  0.0380	  0.6500	  0.0020
  0.0420	  0.7969	  0.0020
  0.0460	  1.0065	  0.0020
  0.0500	  1.2850	  0.0020
  0.0540	  1.6221	  0.0021
  0.0580	  2.0221	  0.0021
  0.0620	  2.4746	  0.0022
  0.0660	  2.9680	  0.0024
  0.0700	  3.4801	  0.0027
  0.0740	  3.9829	  0.0032
  0.0780	  4.4560	  0.0037
  0.0820	  4.8903	  0.0043
  0.0860	  5.2820	  0.0049
  0.0900	  5.6579	  0.0055
  0.0940	  5.9937	  0.0061
  0.0980	  6.3240	  0.0068
  0.1020	  6.6514	  0.0074
  0.1060	  6.9660	  0.0081
  0.1100	  7.2730	  0.0088
  0.1140	  7.5690	  0.0095
  0.1180	  7.8551	  0.0102
  0.1220	  8.1281	  0.0110
  0.1260	  8.3976	  0.0118
  0.1300	  8.6417	  0.0125
  0.1340	  8.8987	  0.0133
  0.1380	  9.1249	  0.0140
  0.1420	  9.3527	  0.0149
  0.1460	  9.4976	  0.0155
  0.1500	  9.6960	  0.0161
  0.1540	  9.8310	  0.0169
  0.1580	  9.9914	  0.0172
  0.1620	 10.1391	  0.0178
  0.1660	 10.1675	  0.0182
  0.1700	 10.2826	  0.0185
  0.1740	 10.3091	  0.0185
  0.1780	 10.3769	  0.0186
  0.1820	 10.4444	  0.0190
  0.1860	 10.4270	  0.0187
  0.1900	 10.4501	  0.0188
  0.1940	 10.3742	  0.0183
  0.1980	 10.3648	  0.0181
  0.2020	 10.3107	  0.0180
  0.2060	 10.2327	  0.0173
  0.2100	 10.1645	  0.0171
  0.2140	 10.0741	  0.0164
  0.2180	  9.9770	  0.0160
  0.2220	  9.8738	  0.0157
  0.2260	  9.7562	  0.0149
  0.2300	  9.6097	  0.0143
  0.2340	  9.4750	  0.0136
  0.2380	  9.2997	  0.0129
  0.2420	  9.1725	  0.0124
  0.2460	  9.0191	  0.0117
  0.2500	  8.8648	  0.0112
  0.2540	  8.6919	  0.0105
  0.2580	  8.5374	  0.0100
  0.2620	  8.3635	  0.0094
  0.2660	  8.2224	  0.0090
  0.2700	  8.0619	  0.0085
  0.2740	  7.9294	  0.0081
  0.2780	  7.7651	  0.0076
  0.2820	  7.6153	  0.0072
  0.2860	  7.4670	  0.0068
  0.2900	  7.3352	  0.0065
  0.2940	  7.2021	  0.0062
  0.2980	  7.0714	  0.0059
  0.3020	  6.9621	  0.0057
  0.3060	  6.8522	  0.0054
  0.3100	  6.7363	  0.0052
  0.3140	  6.6494	  0.0050
  0.3180	  6.5653	  0.0049
  0.3220	  6.4804	  0.0047
  0.3260	  6.4066	  0.0046
  0.3300	  6.3335	  0.0045
  0.3340	  6.2703	  0.0044
  0.3380	  6.2161	  0.0043
  0.3420	  6.1705	  0.0042
  0.3460	  6.1443	  0.0041
  0.3500	  6.0987	  0.0041
  0.3540	  6.0800	  0.0040
  0.3580	  6.0649	  0.0040
  0.3620	  6.0489	  0.0040
  0.3660	  6.0345	  0.0039
  0.3700	  6.0319	  0.0039
  0.3740	  6.0435	  0.0039
  0.3780	  6.0499	  0.0039
  0.3820	  6.0628	  0.0039
  0.3860	  6.0842	  0.0040
  0.3900	  6.1091	  0.0040
  0.3940	  6.1275	  0.0040
  0.3980	  6.1524	  0.0040
  0.4020	  6.1804	  0.0041
  0.4060	  6.2184	  0.0041
  0.4100	  6.2511	  0.0041
  0.4140	  6.2925	  0.0042
  0.4180	  6.3350	  0.0042
  0.4220	  6.3609	  0.0043
  0.4260	  6.4151	  0.0043
  0.4300	  6.4613	  0.0044
  0.4340	  6.4927	  0.0044
  0.4380	  6.5475	  0.0045
  0.4420	  6.5921	  0.0046
  0.4460	  6.6382	  0.0047
  0.4500	  6.6747	  0.0047
  0.4540	  6.7164	  0.0048
  0.4580	  6.7706	  0.0049
  0.4620	  6.8097	  0.0050
  0.4660	  6.8604	  0.0051
  0.4700	  6.9008	  0.0051
  0.4740	  6.9395	  0.0052
  0.4780	  6.9834	  0.0053
  0.4820	  7.0276	  0.0054
  0.4860	  7.0579	  0.0054
  0.4900	  7.0958	  0.0055
  0.4940	  7.1398	  0.0056
  0.4980	  7.1562	  0.0057
  0.5020	  7.1934	  0.0058
  0.5060	  7.2243	  0.0058
  0.5100	  7.2523	  0.0059
  0.5140	  7.2772	  0.0060
  0.5180	  7.3148	  0.0061
  0.5220	  7.3218	  0.0061
  0.5260	  7.3440	  0.0062
  0.5300	  7.3644	  0.0062
  0.5340	  7.3655	  0.0062
  0.5380	  7.3588	  0.0062
  0.5420	  7.3334	  0.0061
  0.5460	  7.3034	  0.0059
  0.5500	  7.2298	  0.0057
  0.5540	  7.1304	  0.0053
  0.5580	  6.9838	  0.0050
  0.5620	  6.8161	  0.0046
  0.5660	  6.6339	  0.0043
  0.5700	  6.4356	  0.0040
  0.5740	  6.2438	  0.0038
  0.5780	  6.0530	  0.0036
  0.5820	  5.8907	  0.0034
  0.5860	  5.7247	  0.0033
  0.5900	  5.5838	  0.0031
  0.5940	  5.4502	  0.0030
  0.5980	  5.3354	  0.0030
  0.6020	  5.2373	  0.0029
  0.6060	  5.1459	  0.0029
  0.6100	  5.0752	  0.0028
  0.6140	  5.0169	  0.0028
  0.6180	  4.9697	  0.0028
  0.6220	  4.9363	  0.0028
  0.6260	  4.9104	  0.0028
  0.6300	  4.8939	  0.0028
  0.6340	  4.8874	  0.0028
  0.6380	  4.8935	  0.0028
  0.6420	  4.9051	  0.0029
  0.6460	  4.9133	  0.0029
  0.6500	  4.9355	  0.0029
  0.6540	  4.9611	  0.0030
  0.6580	  4.9904	  0.0030
  0.6620	  5.0106	  0.0030
  0.6660	  5.0427	  0.0031
  0.6700	  5.0732	  0.0031
  0.6740	  5.1043	  0.0032
  0.6780	  5.1366	  0.0033
  0.6820	  5.1697	  0.0033
  0.6860	  5.1969	  0.0034
  0.6900	  5.2301	  0.0034
  0.6940	  5.2600	  0.0035
  0.6980	  5.2848	  0.0035
  0.7020	  5.3149	  0.0036
  0.7060	  5.3460	  0.0037
  0.7100	  5.3656	  0.0037
  0.7140	  5.4034	  0.0038
  0.7180	  5.4302	  0.0039
  0.7220	  5.4635	  0.0040
  0.7260	  5.5012	  0.0041
  0.7300	  5.5391	  0.0042
  0.7340	  5.5794	  0.0043
  0.7380	  5.6258	  0.0044
  0.7420	  5.6754	  0.0046
  0.7460	  5.7337	  0.0047
  0.7500	  5.7944	  0.0049
  0.7540	  5.8517	  0.0050
  0.7580	  5.9033	  0.0052
  0.7620	  5.9603	  0.0054
  0.7660	  6.0401	  0.0056
  0.7700	  6.0857	  0.0058
  0.7740	  6.1518	  0.0060
  0.7780	  6.2025	  0.0062
  0.7820	  6.2651	  0.0064
  0.7860	  6.3381	  0.0066
  0.7900	  6.3870	  0.0068
  0.7940	  6.4537	  0.0071
  0.7980	  0.0000	  0.0000
