# distance (nm)	f (kT)	df (kT)
  0.0020	  5.7960	  0.0092
  0.0060	  3.8014	  0.0036
  0.0100	  2.7692	  0.0023
  0.0140	  2.0817	  0.0018
  0.0180	  1.5680	  0.0016
  0.0220	  1.1708	  0.0014
  0.0260	  0.8540	  0.0014
  0.0300	  0.5999	  0.0013
  0.0340	  0.3994	  0.0013
  0.0380	  0.2433	  0.0013
  0.0420	  0.1291	  0.0013
  0.0460	  0.0496	  0.0013
  0.0500	  0.0087	  0.0013
  0.0540	  0.0000	  0.0000
  0.0580	  0.0269	  0.0014
  0.0620	  0.0860	  0.0015
  0.0660	  0.1791	  0.0016
  0.0700	  0.3049	  0.0017
  0.0740	  0.4620	  0.0018
  0.0780	  0.6480	  0.0020
  0.0820	  0.8632	  0.0022
  0.0860	  1.1021	  0.0025
  0.0900	  1.3608	  0.0027
  0.0940	  1.6239	  0.0031
  0.0980	  1.8897	  0.0034
  0.1020	  2.1454	  0.0038
  0.1060	  2.3912	  0.0043
  0.1100	  2.5965	  0.0048
  0.1140	  2.7911	  0.0053
  0.1180	  2.9532	  0.0058
  0.1220	  3.0982	  0.0062
  0.1260	  3.2401	  0.0067
  0.1300	  3.3540	  0.0071
  0.1340	  3.4691	  0.0075
  0.1380	  3.5787	  0.0079
  0.1420	  3.6848	  0.0083
  0.1460	  3.7538	  0.0086
  0.1500	  3.8322	  0.0089
  0.1540	  3.9287	  0.0092
  0.1580	  3.9973	  0.0095
  0.1620	  4.0559	  0.0097
  0.1660	  4.1069	  0.0099
  0.1700	  4.1529	  0.0100
  0.1740	  4.2097	  0.0102
  0.1780	  4.2372	  0.0103
  0.1820	  4.2930	  0.0104
  0.1860	  4.2939	  0.0103
  0.1900	  4.3270	  0.0104
  0.1940	  4.3087	  0.0102
  0.1980	  4.3429	  0.0102
  0.2020	  4.3418	  0.0100
  0.2060	  4.3436	  0.0099
  0.2100	  4.3501	  0.0098
  0.2140	  4.3328	  0.0096
  0.2180	  4.3269	  0.0094
  0.2220	  4.3286	  0.0092
  0.2260	  4.3111	  0.0090
  0.2300	  4.2731	  0.0086
  0.2340	  4.2540	  0.0084
  0.2380	  4.2211	  0.0081
  0.2420	  4.2078	  0.0079
  0.2460	  4.1829	  0.0076
  0.2500	  4.1621	  0.0073
  0.2540	  4.1220	  0.0070
  0.2580	  4.0997	  0.0068
  0.2620	  4.0670	  0.0065
  0.2660	  4.0559	  0.0063
  0.2700	  4.0238	  0.0060
  0.2740	  4.0134	  0.0058
  0.2780	  3.9905	  0.0056
  0.2820	  3.9713	  0.0054
  0.2860	  3.9554	  0.0052
  0.2900	  3.9449	  0.0050
  0.2940	  3.9284	  0.0048
  0.2980	  3.9267	  0.0047
  0.3020	  3.9225	  0.0045
  0.3060	  3.9279	  0.0044
  0.3100	  3.9298	  0.0043
  0.3140	  3.9392	  0.0042
  0.3180	  3.9559	  0.0041
  0.3220	  3.9700	  0.0040
  0.3260	  3.9921	  0.0039
  0.3300	  4.0084	  0.0038
  0.3340	  4.0379	  0.0038
  0.3380	  4.0740	  0.0037
  0.3420	  4.1044	  0.0037
  0.3460	  4.1595	  0.0036
  0.3500	  4.1916	  0.0036
  0.3540	  4.2423	  0.0036
  0.3580	  4.2960	  0.0036
  0.3620	  4.3438	  0.0035
  0.3660	  4.3972	  0.0035
  0.3700	  4.4641	  0.0035
  0.3740	  4.5337	  0.0035
  0.3780	  4.6002	  0.0035
  0.3820	  4.6657	  0.0035
  0.3860	  4.7449	  0.0036
  0.3900	  4.8245	  0.0036
  0.3940	  4.8958	  0.0036
  0.3980	  4.9779	  0.0036
  0.4020	  5.0561	  0.0037
  0.4060	  5.1454	  0.0037
  0.4100	  5.2331	  0.0038
  0.4140	  5.3220	  0.0038
  0.4180	  5.4205	  0.0039
  0.4220	  5.5104	  0.0039
  0.4260	  5.6091	  0.0039
  0.4300	  5.6908	  0.0040
  0.4340	  5.7938	  0.0040
  0.4380	  5.8994	  0.0041
  0.4420	  6.0003	  0.0042
  0.4460	  6.0993	  0.0042
  0.4500	  6.1847	  0.0043
  0.4540	  6.2973	  0.0043
  0.4580	  6.4013	  0.0044
  0.4620	  6.4975	  0.0045
  0.4660	  6.6112	  0.0045
  0.4700	  6.7123	  0.0046
  0.4740	  6.8170	  0.0047
  0.4780	  6.9178	  0.0047
  0.4820	  7.0250	  0.0048
  0.4860	  7.1233	  0.0048
  0.4900	  7.2329	  0.0049
  0.4940	  7.3469	  0.0050
  0.4980	  7.4362	  0.0050
  0.5020	  7.5346	  0.0050
  0.5060	  7.6280	  0.0051
  0.5100	  7.7165	  0.0051
  0.5140	  7.7889	  0.0051
  0.5180	  7.8550	  0.0051
  0.5220	  7.8886	  0.0050
  0.5260	  7.9239	  0.0049
  0.5300	  7.9238	  0.0048
  0.5340	  7.9125	  0.0047
  0.5380	  7.8834	  0.0045
  0.5420	  7.8528	  0.0042
  0.5460	  7.8234	  0.0040
  0.5500	  7.7890	  0.0038
  0.5540	  7.7580	  0.0036
  0.5580	  7.7263	  0.0034
  0.5620	  7.7129	  0.0032
  0.5660	  7.7021	  0.0030
  0.5700	  7.7083	  0.0029
  0.5740	  7.7201	  0.0028
  0.5780	  7.7455	  0.0027
  0.5820	  7.7826	  0.0026
  0.5860	  7.8292	  0.0025
  0.5900	  7.8913	  0.0024
  0.5940	  7.9573	  0.0024
  0.5980	  8.0391	  0.0024
  0.6020	  8.1348	  0.0023
  0.6060	  8.2314	  0.0023
  0.6100	  8.3387	  0.0023
  0.6140	  8.4542	  0.0023
  0.6180	  8.5757	  0.0023
  0.6220	  8.7089	  0.0023
  0.6260	  8.8405	  0.0023
  0.6300	  8.9825	  0.0023
  0.6340	  9.1286	  0.0023
  0.6380	  9.2840	  0.0024
  0.6420	  9.4373	  0.0024
  0.6460	  9.5908	  0.0024
  0.6500	  9.7547	  0.0024
  0.6540	  9.9170	  0.0025
  0.6580	 10.0831	  0.0025
  0.6620	 10.2416	  0.0026
  0.6660	 10.4126	  0.0026
  0.6700	 10.5777	  0.0026
  0.6740	 10.7490	  0.0027
  0.6780	 10.9108	  0.0027
  0.6820	 11.0876	  0.0028
  0.6860	 11.2594	  0.0028
  0.6900	 11.4414	  0.0029
  0.6940	 11.6144	  0.0029
  0.6980	 11.7964	  0.0030
  0.7020	 11.9783	  0.0030
  0.7060	 12.1651	  0.0031
  0.7100	 12.3516	  0.0032
  0.7140	 12.5461	  0.0032
  0.7180	 12.7441	  0.0033
  0.7220	 12.9335	  0.0034
  0.7260	 13.1372	  0.0035
  0.7300	 13.3423	  0.0036
  0.7340	 13.5477	  0.0037
  0.7380	 13.7534	  0.0038
  0.7420	 13.9600	  0.0039
  0.7460	 14.1760	  0.0040
  0.7500	 14.3889	  0.0042
  0.7540	 14.5989	  0.0043
  0.7580	 14.8069	  0.0044
  0.7620	 15.0257	  0.0046
  0.7660	 15.2409	  0.0047
  0.7700	 15.4471	  0.0049
  0.7740	 15.6590	  0.0050
  0.7780	 15.8736	  0.0052
  0.7820	 16.0965	  0.0054
  0.7860	 16.3058	  0.0056
  0.7900	 16.5270	  0.0058
  0.7940	 16.7233	  0.0059
  0.7980	 15.2469	  0.0024
